13240.66,2011.312,5475.633,13157.98,2034.814,5448.585,13168.02,1964.109,5481.946,13191.71,2039.797,5394.403,13156.18,2032.027,5425.706,13189.4,2019.457,5422.739,13172.78,2009.766,5450.097,13159.85,2026.161,5472.979,13148.43,1950.336,5397.288,13238.26,1957.595,5453.349
13240.28,2011.312,5475.8,13158.39,2034.814,5448.674,13167.6,1964.109,5481.958,13191.43,2039.797,5394.71,13155.85,2032.027,5425.961,13189.64,2019.457,5423.075,13173.08,2009.766,5450.376,13160.19,2026.161,5472.745,13148.78,1950.336,5397.068,13238.08,1957.595,5452.973
13239.91,2011.312,5475.979,13158.79,2034.814,5448.769,13167.19,1964.109,5481.979,13191.15,2039.797,5395.011,13155.51,2032.027,5426.207,13189.9,2019.457,5423.404,13173.39,2009.766,5450.665,13160.54,2026.161,5472.521,13149.13,1950.336,5396.841,13237.91,1957.595,5452.592
13239.54,2011.312,5476.169,13159.2,2034.814,5448.87,13166.77,1964.109,5482.008,13190.85,2039.797,5395.307,13155.17,2032.027,5426.444,13190.17,2019.457,5423.725,13173.68,2009.766,5450.962,13160.9,2026.161,5472.307,13149.48,1950.336,5396.608,13237.75,1957.595,5452.208
13239.35,2011.312,5476.271,13159.4,2034.814,5448.923,13166.57,1964.109,5482.027,13190.7,2039.797,5395.451,13155,2032.027,5426.559,13190.3,2019.457,5423.881,13173.82,2009.766,5451.115,13161.08,2026.161,5472.206,13149.65,1950.336,5396.488,13237.67,1957.595,5452.014
13239.18,2011.312,5476.378,13159.6,2034.814,5448.979,13166.36,1964.109,5482.05,13190.55,2039.797,5395.593,13154.82,2032.027,5426.668,13190.45,2019.457,5424.033,13173.96,2009.766,5451.272,13161.27,2026.161,5472.109,13149.82,1950.336,5396.365,13237.6,1957.595,5451.819
13239,2011.312,5476.491,13159.8,2034.814,5449.038,13166.15,1964.109,5482.078,13190.39,2039.797,5395.731,13154.64,2032.027,5426.773,13190.59,2019.457,5424.18,13174.09,2009.766,5451.434,13161.45,2026.161,5472.019,13149.98,1950.336,5396.238,13237.54,1957.595,5451.622
13238.83,2011.312,5476.61,13160,2034.814,5449.1,13165.95,1964.109,5482.11,13190.23,2039.797,5395.865,13154.46,2032.027,5426.874,13190.74,2019.457,5424.323,13174.21,2009.766,5451.599,13161.64,2026.161,5471.934,13150.14,1950.336,5396.108,13237.47,1957.595,5451.423
13238.66,2011.312,5476.734,13160.2,2034.814,5449.165,13165.74,1964.109,5482.146,13190.07,2039.797,5395.996,13154.27,2032.027,5426.969,13190.9,2019.457,5424.46,13174.34,2009.766,5451.768,13161.84,2026.161,5471.855,13150.3,1950.336,5395.976,13237.41,1957.595,5451.223
13238.5,2011.312,5476.863,13160.4,2034.814,5449.232,13165.54,1964.109,5482.187,13189.91,2039.797,5396.123,13154.08,2032.027,5427.06,13191.06,2019.457,5424.593,13174.45,2009.766,5451.94,13162.03,2026.161,5471.782,13150.46,1950.336,5395.839,13237.36,1957.595,5451.022
13238.34,2011.312,5476.998,13160.59,2034.814,5449.302,13165.33,1964.109,5482.231,13189.74,2039.797,5396.246,13153.89,2032.027,5427.146,13191.22,2019.457,5424.721,13174.57,2009.766,5452.116,13162.23,2026.161,5471.715,13150.62,1950.336,5395.7,13237.31,1957.595,5450.82
13238.19,2011.312,5477.138,13160.79,2034.814,5449.375,13165.13,1964.109,5482.28,13189.57,2039.797,5396.365,13153.7,2032.027,5427.227,13191.39,2019.457,5424.844,13174.67,2009.766,5452.294,13162.43,2026.161,5471.654,13150.77,1950.336,5395.558,13237.26,1957.595,5450.616
13238.04,2011.312,5477.282,13160.98,2034.814,5449.452,13164.93,1964.109,5482.332,13189.39,2039.797,5396.479,13153.51,2032.027,5427.303,13191.56,2019.457,5424.962,13174.77,2009.766,5452.477,13162.63,2026.161,5471.599,13150.92,1950.336,5395.413,13237.22,1957.595,5450.412
13237.89,2011.312,5477.432,13161.17,2034.814,5449.531,13164.73,1964.109,5482.388,13189.22,2039.797,5396.589,13153.31,2032.027,5427.375,13191.74,2019.457,5425.074,13174.87,2009.766,5452.661,13162.83,2026.161,5471.55,13151.07,1950.336,5395.265,13237.19,1957.595,5450.207
13237.75,2011.312,5477.586,13161.36,2034.814,5449.613,13164.53,1964.109,5482.448,13189.04,2039.797,5396.694,13153.12,2032.027,5427.44,13191.92,2019.457,5425.181,13174.96,2009.766,5452.849,13163.04,2026.161,5471.508,13151.21,1950.336,5395.114,13237.16,1957.595,5450
13237.62,2011.312,5477.745,13161.55,2034.814,5449.698,13164.33,1964.109,5482.512,13188.85,2039.797,5396.795,13152.92,2032.027,5427.501,13192.1,2019.457,5425.282,13175.05,2009.766,5453.039,13163.24,2026.161,5471.472,13151.35,1950.336,5394.96,13237.13,1957.595,5449.794
13237.49,2011.312,5477.908,13161.74,2034.814,5449.786,13164.14,1964.109,5482.58,13188.67,2039.797,5396.891,13152.72,2032.027,5427.558,13192.29,2019.457,5425.377,13175.13,2009.766,5453.231,13163.45,2026.161,5471.442,13151.49,1950.336,5394.804,13237.11,1957.595,5449.587
13237.36,2011.312,5478.075,13161.93,2034.814,5449.876,13163.94,1964.109,5482.651,13188.48,2039.797,5396.981,13152.51,2032.027,5427.609,13192.48,2019.457,5425.467,13175.2,2009.766,5453.425,13163.65,2026.161,5471.418,13151.62,1950.336,5394.645,13237.09,1957.595,5449.379
13237.24,2011.312,5478.246,13162.12,2034.814,5449.97,13163.75,1964.109,5482.726,13188.29,2039.797,5397.067,13152.31,2032.027,5427.655,13192.67,2019.457,5425.551,13175.27,2009.766,5453.622,13163.86,2026.161,5471.402,13151.75,1950.336,5394.483,13237.08,1957.595,5449.171
13237.13,2011.312,5478.42,13162.3,2034.814,5450.066,13163.55,1964.109,5482.804,13188.1,2039.797,5397.148,13152.11,2032.027,5427.696,13192.86,2019.457,5425.628,13175.33,2009.766,5453.82,13164.07,2026.161,5471.392,13151.88,1950.336,5394.319,13237.07,1957.595,5448.963
13237.02,2011.312,5478.599,13162.48,2034.814,5450.166,13163.36,1964.109,5482.886,13187.91,2039.797,5397.224,13151.9,2032.027,5427.732,13193.05,2019.457,5425.7,13175.39,2009.766,5454.02,13164.28,2026.161,5471.388,13152.01,1950.336,5394.153,13237.07,1957.595,5448.755
13236.92,2011.312,5478.78,13162.67,2034.814,5450.268,13163.17,1964.109,5482.971,13187.71,2039.797,5397.294,13151.7,2032.027,5427.763,13193.25,2019.457,5425.766,13175.44,2009.766,5454.221,13164.49,2026.161,5471.391,13152.13,1950.336,5393.984,13237.07,1957.595,5448.546
13236.83,2011.312,5478.965,13162.85,2034.814,5450.373,13162.98,1964.109,5483.059,13187.51,2039.797,5397.359,13151.49,2032.027,5427.79,13193.45,2019.457,5425.826,13175.49,2009.766,5454.424,13164.69,2026.161,5471.4,13152.25,1950.336,5393.813,13237.08,1957.595,5448.338
13236.74,2011.312,5479.153,13163.02,2034.814,5450.48,13162.79,1964.109,5483.15,13187.31,2039.797,5397.418,13151.28,2032.027,5427.811,13193.65,2019.457,5425.879,13175.54,2009.766,5454.628,13164.9,2026.161,5471.416,13152.36,1950.336,5393.64,13237.09,1957.595,5448.13
13236.65,2011.312,5479.344,13163.2,2034.814,5450.59,13162.61,1964.109,5483.244,13187.11,2039.797,5397.472,13151.07,2032.027,5427.828,13193.86,2019.457,5425.927,13175.57,2009.766,5454.833,13165.11,2026.161,5471.438,13152.48,1950.336,5393.464,13237.11,1957.595,5447.923
13236.58,2011.312,5479.538,13163.38,2034.814,5450.704,13162.42,1964.109,5483.341,13186.91,2039.797,5397.52,13150.87,2032.027,5427.84,13194.06,2019.457,5425.968,13175.6,2009.766,5455.039,13165.31,2026.161,5471.466,13152.58,1950.336,5393.287,13237.13,1957.595,5447.716
13236.5,2011.312,5479.733,13163.55,2034.814,5450.819,13162.24,1964.109,5483.441,13186.7,2039.797,5397.562,13150.66,2032.027,5427.847,13194.26,2019.457,5426.002,13175.63,2009.766,5455.245,13165.52,2026.161,5471.501,13152.69,1950.336,5393.108,13237.15,1957.595,5447.509
13236.44,2011.312,5479.932,13163.72,2034.814,5450.938,13162.06,1964.109,5483.544,13186.5,2039.797,5397.599,13150.45,2032.027,5427.85,13194.47,2019.457,5426.031,13175.65,2009.766,5455.452,13165.72,2026.161,5471.543,13152.79,1950.336,5392.927,13237.18,1957.595,5447.303
13236.38,2011.312,5480.132,13163.89,2034.814,5451.059,13161.88,1964.109,5483.65,13186.29,2039.797,5397.63,13150.24,2032.027,5427.849,13194.68,2019.457,5426.054,13175.67,2009.766,5455.66,13165.93,2026.161,5471.591,13152.89,1950.336,5392.744,13237.22,1957.595,5447.098
13236.33,2011.312,5480.333,13164.06,2034.814,5451.183,13161.7,1964.109,5483.758,13186.08,2039.797,5397.655,13150.03,2032.027,5427.843,13194.89,2019.457,5426.07,13175.68,2009.766,5455.868,13166.13,2026.161,5471.645,13152.99,1950.336,5392.559,13237.25,1957.595,5446.893
13236.29,2011.312,5480.537,13164.22,2034.814,5451.31,13161.53,1964.109,5483.869,13185.88,2039.797,5397.675,13149.83,2032.027,5427.833,13195.09,2019.457,5426.08,13175.69,2009.766,5456.076,13166.33,2026.161,5471.706,13153.08,1950.336,5392.373,13237.3,1957.595,5446.689
13236.25,2011.312,5480.742,13164.38,2034.814,5451.438,13161.35,1964.109,5483.982,13185.67,2039.797,5397.688,13149.62,2032.027,5427.818,13195.3,2019.457,5426.083,13175.7,2009.766,5456.284,13166.52,2026.161,5471.772,13153.17,1950.336,5392.185,13237.34,1957.595,5446.486
13236.21,2011.312,5480.948,13164.54,2034.814,5451.57,13161.18,1964.109,5484.098,13185.46,2039.797,5397.696,13149.41,2032.027,5427.799,13195.51,2019.457,5426.081,13175.7,2009.766,5456.492,13166.72,2026.161,5471.845,13153.26,1950.336,5391.995,13237.4,1957.595,5446.285
13236.19,2011.312,5481.155,13164.7,2034.814,5451.705,13161.01,1964.109,5484.216,13185.25,2039.797,5397.698,13149.2,2032.027,5427.777,13195.72,2019.457,5426.072,13175.69,2009.766,5456.7,13166.91,2026.161,5471.924,13153.34,1950.336,5391.804,13237.45,1957.595,5446.084
13236.17,2011.312,5481.362,13164.86,2034.814,5451.841,13160.84,1964.109,5484.336,13185.05,2039.797,5397.694,13149,2032.027,5427.75,13195.93,2019.457,5426.057,13175.69,2009.766,5456.908,13167.1,2026.161,5472.009,13153.42,1950.336,5391.612,13237.51,1957.595,5445.884
13236.16,2011.312,5481.57,13165.02,2034.814,5451.98,13160.67,1964.109,5484.458,13184.84,2039.797,5397.685,13148.79,2032.027,5427.72,13196.13,2019.457,5426.036,13175.67,2009.766,5457.116,13167.29,2026.161,5472.1,13153.5,1950.336,5391.418,13237.57,1957.595,5445.686
13236.15,2011.312,5481.779,13165.17,2034.814,5452.122,13160.5,1964.109,5484.582,13184.63,2039.797,5397.669,13148.58,2032.027,5427.687,13196.34,2019.457,5426.008,13175.66,2009.766,5457.324,13167.47,2026.161,5472.197,13153.57,1950.336,5391.224,13237.64,1957.595,5445.489
13236.16,2011.312,5481.987,13165.32,2034.814,5452.266,13160.34,1964.109,5484.708,13184.42,2039.797,5397.647,13148.38,2032.027,5427.649,13196.54,2019.457,5425.975,13175.64,2009.766,5457.531,13167.66,2026.161,5472.299,13153.64,1950.336,5391.028,13237.71,1957.595,5445.293
13236.16,2011.312,5482.195,13165.47,2034.814,5452.413,13160.17,1964.109,5484.836,13184.22,2039.797,5397.62,13148.18,2032.027,5427.609,13196.75,2019.457,5425.936,13175.62,2009.766,5457.738,13167.83,2026.161,5472.407,13153.71,1950.336,5390.831,13237.79,1957.595,5445.099
13236.18,2011.312,5482.403,13165.61,2034.814,5452.561,13160.01,1964.109,5484.966,13184.01,2039.797,5397.586,13147.97,2032.027,5427.565,13196.95,2019.457,5425.891,13175.6,2009.766,5457.945,13168.01,2026.161,5472.521,13153.77,1950.336,5390.633,13237.87,1957.595,5444.906
13236.2,2011.312,5482.61,13165.76,2034.814,5452.712,13159.85,1964.109,5485.097,13183.81,2039.797,5397.547,13147.77,2032.027,5427.518,13197.16,2019.457,5425.841,13175.57,2009.766,5458.152,13168.18,2026.161,5472.639,13153.84,1950.336,5390.434,13237.95,1957.595,5444.715
13236.23,2011.312,5482.817,13165.9,2034.814,5452.865,13159.69,1964.109,5485.23,13183.6,2039.797,5397.501,13147.57,2032.027,5427.468,13197.36,2019.457,5425.785,13175.54,2009.766,5458.358,13168.35,2026.161,5472.763,13153.89,1950.336,5390.234,13238.04,1957.595,5444.526
13236.26,2011.312,5483.022,13166.04,2034.814,5453.021,13159.53,1964.109,5485.365,13183.4,2039.797,5397.45,13147.37,2032.027,5427.416,13197.55,2019.457,5425.723,13175.51,2009.766,5458.563,13168.51,2026.161,5472.893,13153.95,1950.336,5390.034,13238.13,1957.595,5444.338
13236.3,2011.312,5483.227,13166.17,2034.814,5453.178,13159.37,1964.109,5485.501,13183.2,2039.797,5397.394,13147.17,2032.027,5427.361,13197.75,2019.457,5425.656,13175.47,2009.766,5458.769,13168.67,2026.161,5473.027,13154,1950.336,5389.832,13238.22,1957.595,5444.152
13236.35,2011.312,5483.429,13166.31,2034.814,5453.338,13159.21,1964.109,5485.639,13183,2039.797,5397.331,13146.96,2032.027,5427.303,13197.95,2019.457,5425.584,13175.44,2009.766,5458.974,13168.82,2026.161,5473.166,13154.05,1950.336,5389.63,13238.32,1957.595,5443.967
13236.41,2011.312,5483.63,13166.44,2034.814,5453.5,13159.06,1964.109,5485.778,13182.81,2039.797,5397.263,13146.77,2032.027,5427.243,13198.14,2019.457,5425.507,13175.4,2009.766,5459.179,13168.97,2026.161,5473.31,13154.1,1950.336,5389.427,13238.42,1957.595,5443.785
13236.47,2011.312,5483.83,13166.57,2034.814,5453.663,13158.91,1964.109,5485.919,13182.61,2039.797,5397.189,13146.57,2032.027,5427.181,13198.33,2019.457,5425.425,13175.36,2009.766,5459.383,13169.12,2026.161,5473.458,13154.14,1950.336,5389.224,13238.52,1957.595,5443.604
13236.54,2011.312,5484.027,13166.69,2034.814,5453.829,13158.75,1964.109,5486.061,13182.42,2039.797,5397.109,13146.37,2032.027,5427.117,13198.52,2019.457,5425.339,13175.31,2009.766,5459.586,13169.26,2026.161,5473.611,13154.18,1950.336,5389.02,13238.62,1957.595,5443.424
13236.61,2011.312,5484.222,13166.82,2034.814,5453.996,13158.6,1964.109,5486.204,13182.23,2039.797,5397.024,13146.17,2032.027,5427.05,13198.71,2019.457,5425.248,13175.27,2009.766,5459.79,13169.4,2026.161,5473.769,13154.22,1950.336,5388.815,13238.73,1957.595,5443.247
13236.69,2011.312,5484.414,13166.94,2034.814,5454.166,13158.45,1964.109,5486.348,13182.04,2039.797,5396.934,13145.97,2032.027,5426.982,13198.89,2019.457,5425.153,13175.22,2009.766,5459.993,13169.53,2026.161,5473.93,13154.26,1950.336,5388.61,13238.85,1957.595,5443.071
13236.77,2011.312,5484.604,13167.05,2034.814,5454.337,13158.3,1964.109,5486.493,13181.86,2039.797,5396.838,13145.78,2032.027,5426.912,13199.08,2019.457,5425.053,13175.17,2009.766,5460.196,13169.66,2026.161,5474.095,13154.29,1950.336,5388.404,13238.96,1957.595,5442.897
13236.87,2011.312,5484.791,13167.17,2034.814,5454.51,13158.15,1964.109,5486.639,13181.67,2039.797,5396.737,13145.58,2032.027,5426.841,13199.26,2019.457,5424.95,13175.13,2009.766,5460.398,13169.78,2026.161,5474.264,13154.32,1950.336,5388.198,13239.08,1957.595,5442.726
13236.96,2011.312,5484.975,13167.28,2034.814,5454.685,13158.01,1964.109,5486.787,13181.49,2039.797,5396.631,13145.39,2032.027,5426.768,13199.44,2019.457,5424.843,13175.08,2009.766,5460.6,13169.9,2026.161,5474.436,13154.35,1950.336,5387.992,13239.2,1957.595,5442.555
13237.07,2011.312,5485.156,13167.39,2034.814,5454.862,13157.86,1964.109,5486.935,13181.32,2039.797,5396.52,13145.19,2032.027,5426.693,13199.61,2019.457,5424.733,13175.02,2009.766,5460.802,13170.01,2026.161,5474.612,13154.38,1950.336,5387.786,13239.32,1957.595,5442.387
13237.18,2011.312,5485.333,13167.5,2034.814,5455.04,13157.71,1964.109,5487.083,13181.15,2039.797,5396.404,13145,2032.027,5426.617,13199.79,2019.457,5424.62,13174.97,2009.766,5461.003,13170.12,2026.161,5474.791,13154.4,1950.336,5387.579,13239.44,1957.595,5442.22
13237.29,2011.312,5485.507,13167.61,2034.814,5455.22,13157.57,1964.109,5487.232,13180.98,2039.797,5396.283,13144.81,2032.027,5426.54,13199.96,2019.457,5424.503,13174.92,2009.766,5461.204,13170.22,2026.161,5474.973,13154.42,1950.336,5387.372,13239.57,1957.595,5442.055
13237.41,2011.312,5485.678,13167.71,2034.814,5455.401,13157.42,1964.109,5487.381,13180.81,2039.797,5396.157,13144.61,2032.027,5426.462,13200.13,2019.457,5424.384,13174.86,2009.766,5461.404,13170.31,2026.161,5475.158,13154.44,1950.336,5387.164,13239.7,1957.595,5441.892
13237.54,2011.312,5485.844,13167.81,2034.814,5455.584,13157.28,1964.109,5487.53,13180.65,2039.797,5396.027,13144.42,2032.027,5426.382,13200.3,2019.457,5424.263,13174.8,2009.766,5461.604,13170.4,2026.161,5475.346,13154.46,1950.336,5386.957,13239.83,1957.595,5441.731
13237.67,2011.312,5486.007,13167.9,2034.814,5455.769,13157.13,1964.109,5487.679,13180.49,2039.797,5395.892,13144.23,2032.027,5426.302,13200.47,2019.457,5424.139,13174.74,2009.766,5461.804,13170.49,2026.161,5475.537,13154.48,1950.336,5386.749,13239.97,1957.595,5441.571
13237.8,2011.312,5486.166,13168,2034.814,5455.955,13156.99,1964.109,5487.828,13180.33,2039.797,5395.753,13144.04,2032.027,5426.22,13200.63,2019.457,5424.013,13174.68,2009.766,5462.004,13170.57,2026.161,5475.729,13154.49,1950.336,5386.541,13240.1,1957.595,5441.414
13237.94,2011.312,5486.32,13168.09,2034.814,5456.142,13156.84,1964.109,5487.977,13180.18,2039.797,5395.609,13143.84,2032.027,5426.138,13200.8,2019.457,5423.885,13174.62,2009.766,5462.203,13170.64,2026.161,5475.924,13154.5,1950.336,5386.333,13240.24,1957.595,5441.257
13238.08,2011.312,5486.47,13168.18,2034.814,5456.331,13156.7,1964.109,5488.125,13180.03,2039.797,5395.462,13143.65,2032.027,5426.055,13200.96,2019.457,5423.755,13174.56,2009.766,5462.402,13170.71,2026.161,5476.121,13154.51,1950.336,5386.125,13240.38,1957.595,5441.103
13238.23,2011.312,5486.616,13168.26,2034.814,5456.521,13156.55,1964.109,5488.275,13179.89,2039.797,5395.311,13143.46,2032.027,5425.971,13201.12,2019.457,5423.624,13174.5,2009.766,5462.601,13170.77,2026.161,5476.32,13154.52,1950.336,5385.917,13240.52,1957.595,5440.95
13238.39,2011.312,5486.758,13168.35,2034.814,5456.711,13156.4,1964.109,5488.424,13179.75,2039.797,5395.155,13143.27,2032.027,5425.886,13201.28,2019.457,5423.491,13174.44,2009.766,5462.799,13170.83,2026.161,5476.52,13154.53,1950.336,5385.709,13240.67,1957.595,5440.799
13238.54,2011.312,5486.895,13168.43,2034.814,5456.904,13156.26,1964.109,5488.574,13179.62,2039.797,5394.996,13143.08,2032.027,5425.8,13201.44,2019.457,5423.357,13174.37,2009.766,5462.998,13170.88,2026.161,5476.722,13154.53,1950.336,5385.501,13240.81,1957.595,5440.649
13238.7,2011.312,5487.028,13168.5,2034.814,5457.097,13156.11,1964.109,5488.723,13179.49,2039.797,5394.833,13142.89,2032.027,5425.714,13201.6,2019.457,5423.223,13174.31,2009.766,5463.195,13170.93,2026.161,5476.925,13154.53,1950.336,5385.293,13240.96,1957.595,5440.5
13238.87,2011.312,5487.157,13168.58,2034.814,5457.292,13155.97,1964.109,5488.873,13179.36,2039.797,5394.667,13142.71,2032.027,5425.628,13201.76,2019.457,5423.087,13174.24,2009.766,5463.393,13170.97,2026.161,5477.129,13154.53,1950.336,5385.085,13241.1,1957.595,5440.354
13239.03,2011.312,5487.282,13168.65,2034.814,5457.487,13155.82,1964.109,5489.022,13179.24,2039.797,5394.498,13142.52,2032.027,5425.541,13201.92,2019.457,5422.95,13174.17,2009.766,5463.59,13171,2026.161,5477.334,13154.53,1950.336,5384.877,13241.25,1957.595,5440.208
13239.2,2011.312,5487.404,13168.72,2034.814,5457.683,13155.68,1964.109,5489.171,13179.12,2039.797,5394.326,13142.33,2032.027,5425.453,13202.07,2019.457,5422.813,13174.1,2009.766,5463.786,13171.03,2026.161,5477.54,13154.53,1950.336,5384.669,13241.4,1957.595,5440.064
13239.37,2011.312,5487.522,13168.79,2034.814,5457.88,13155.53,1964.109,5489.321,13179.01,2039.797,5394.15,13142.14,2032.027,5425.364,13202.23,2019.457,5422.674,13174.03,2009.766,5463.981,13171.06,2026.161,5477.747,13154.52,1950.336,5384.461,13241.55,1957.595,5439.922
13239.55,2011.312,5487.637,13168.85,2034.814,5458.079,13155.39,1964.109,5489.47,13178.9,2039.797,5393.972,13141.95,2032.027,5425.275,13202.38,2019.457,5422.535,13173.96,2009.766,5464.175,13171.08,2026.161,5477.954,13154.52,1950.336,5384.253,13241.71,1957.595,5439.781
13239.72,2011.312,5487.751,13168.91,2034.814,5458.278,13155.25,1964.109,5489.62,13178.8,2039.797,5393.791,13141.76,2032.027,5425.187,13202.54,2019.457,5422.395,13173.88,2009.766,5464.369,13171.1,2026.161,5478.161,13154.51,1950.336,5384.045,13241.86,1957.595,5439.641
13239.9,2011.312,5487.863,13168.97,2034.814,5458.478,13155.1,1964.109,5489.77,13178.7,2039.797,5393.607,13141.57,2032.027,5425.097,13202.69,2019.457,5422.255,13173.8,2009.766,5464.562,13171.11,2026.161,5478.369,13154.5,1950.336,5383.837,13242.02,1957.595,5439.502
13240.07,2011.312,5487.972,13169.03,2034.814,5458.678,13154.96,1964.109,5489.919,13178.61,2039.797,5393.421,13141.39,2032.027,5425.007,13202.84,2019.457,5422.114,13173.72,2009.766,5464.753,13171.12,2026.161,5478.577,13154.49,1950.336,5383.629,13242.17,1957.595,5439.364
13240.25,2011.312,5488.083,13169.08,2034.814,5458.879,13154.81,1964.109,5490.07,13178.52,2039.797,5393.233,13141.2,2032.027,5424.917,13203,2019.457,5421.973,13173.64,2009.766,5464.944,13171.12,2026.161,5478.785,13154.48,1950.336,5383.421,13242.33,1957.595,5439.226
13240.43,2011.312,5488.192,13169.13,2034.814,5459.082,13154.67,1964.109,5490.22,13178.43,2039.797,5393.043,13141.01,2032.027,5424.827,13203.15,2019.457,5421.833,13173.55,2009.766,5465.135,13171.12,2026.161,5478.994,13154.46,1950.336,5383.213,13242.49,1957.595,5439.089
13240.61,2011.312,5488.299,13169.18,2034.814,5459.284,13154.52,1964.109,5490.371,13178.35,2039.797,5392.851,13140.82,2032.027,5424.736,13203.3,2019.457,5421.692,13173.46,2009.766,5465.324,13171.12,2026.161,5479.202,13154.45,1950.336,5383.005,13242.64,1957.595,5438.954
13240.79,2011.312,5488.408,13169.22,2034.814,5459.487,13154.38,1964.109,5490.521,13178.28,2039.797,5392.657,13140.64,2032.027,5424.645,13203.46,2019.457,5421.552,13173.38,2009.766,5465.513,13171.11,2026.161,5479.41,13154.43,1950.336,5382.798,13242.8,1957.595,5438.818
13240.96,2011.312,5488.516,13169.27,2034.814,5459.691,13154.24,1964.109,5490.672,13178.21,2039.797,5392.461,13140.45,2032.027,5424.553,13203.61,2019.457,5421.413,13173.29,2009.766,5465.7,13171.1,2026.161,5479.618,13154.41,1950.336,5382.59,13242.96,1957.595,5438.684
13241.14,2011.312,5488.622,13169.31,2034.814,5459.895,13154.09,1964.109,5490.823,13178.14,2039.797,5392.264,13140.26,2032.027,5424.461,13203.77,2019.457,5421.273,13173.19,2009.766,5465.887,13171.09,2026.161,5479.826,13154.39,1950.336,5382.383,13243.12,1957.595,5438.55
13241.32,2011.312,5488.727,13169.34,2034.814,5460.1,13153.95,1964.109,5490.974,13178.08,2039.797,5392.065,13140.08,2032.027,5424.37,13203.92,2019.457,5421.134,13173.1,2009.766,5466.073,13171.08,2026.161,5480.033,13154.37,1950.336,5382.176,13243.28,1957.595,5438.417
13241.5,2011.312,5488.831,13169.38,2034.814,5460.305,13153.81,1964.109,5491.125,13178.02,2039.797,5391.865,13139.89,2032.027,5424.277,13204.08,2019.457,5420.995,13173.01,2009.766,5466.259,13171.06,2026.161,5480.241,13154.35,1950.336,5381.969,13243.44,1957.595,5438.284
13241.68,2011.312,5488.934,13169.41,2034.814,5460.51,13153.66,1964.109,5491.276,13177.97,2039.797,5391.664,13139.7,2032.027,5424.185,13204.23,2019.457,5420.855,13172.91,2009.766,5466.443,13171.04,2026.161,5480.448,13154.33,1950.336,5381.762,13243.6,1957.595,5438.152
13241.86,2011.312,5489.038,13169.44,2034.814,5460.716,13153.52,1964.109,5491.428,13177.92,2039.797,5391.461,13139.52,2032.027,5424.092,13204.39,2019.457,5420.716,13172.81,2009.766,5466.627,13171.02,2026.161,5480.655,13154.3,1950.336,5381.555,13243.76,1957.595,5438.021
13242.04,2011.312,5489.146,13169.47,2034.814,5460.923,13153.38,1964.109,5491.58,13177.87,2039.797,5391.258,13139.33,2032.027,5424,13204.54,2019.457,5420.577,13172.71,2009.766,5466.81,13170.99,2026.161,5480.862,13154.27,1950.336,5381.349,13243.92,1957.595,5437.89
13242.22,2011.312,5489.26,13169.49,2034.814,5461.129,13153.24,1964.109,5491.733,13177.83,2039.797,5391.054,13139.14,2032.027,5423.907,13204.7,2019.457,5420.438,13172.61,2009.766,5466.992,13170.97,2026.161,5481.069,13154.25,1950.336,5381.142,13244.09,1957.595,5437.759
13242.39,2011.312,5489.378,13169.52,2034.814,5461.336,13153.09,1964.109,5491.887,13177.79,2039.797,5390.85,13138.96,2032.027,5423.813,13204.85,2019.457,5420.3,13172.51,2009.766,5467.174,13170.94,2026.161,5481.275,13154.22,1950.336,5380.936,13244.25,1957.595,5437.629
13242.56,2011.312,5489.489,13169.54,2034.814,5461.543,13152.96,1964.109,5492.042,13177.76,2039.797,5390.644,13138.77,2032.027,5423.72,13205.01,2019.457,5420.161,13172.41,2009.766,5467.354,13170.92,2026.161,5481.482,13154.19,1950.336,5380.73,13244.41,1957.595,5437.5
13242.74,2011.312,5489.605,13169.56,2034.814,5461.751,13152.82,1964.109,5492.197,13177.73,2039.797,5390.438,13138.58,2032.027,5423.627,13205.16,2019.457,5420.022,13172.3,2009.766,5467.535,13170.89,2026.161,5481.688,13154.16,1950.336,5380.524,13244.58,1957.595,5437.372
13242.92,2011.312,5489.706,13169.57,2034.814,5461.958,13152.68,1964.109,5492.354,13177.7,2039.797,5390.231,13138.4,2032.027,5423.533,13205.32,2019.457,5419.884,13172.2,2009.766,5467.714,13170.86,2026.161,5481.894,13154.12,1950.336,5380.318,13244.74,1957.595,5437.244
13243.1,2011.312,5489.813,13169.59,2034.814,5462.167,13152.54,1964.109,5492.511,13177.67,2039.797,5390.024,13138.21,2032.027,5423.439,13205.47,2019.457,5419.745,13172.09,2009.766,5467.893,13170.83,2026.161,5482.1,13154.09,1950.336,5380.113,13244.91,1957.595,5437.117
13243.27,2011.312,5489.924,13169.6,2034.814,5462.375,13152.41,1964.109,5492.668,13177.65,2039.797,5389.817,13138.03,2032.027,5423.346,13205.63,2019.457,5419.606,13171.98,2009.766,5468.07,13170.8,2026.161,5482.306,13154.05,1950.336,5379.908,13245.07,1957.595,5436.99
13243.45,2011.312,5490.039,13169.61,2034.814,5462.583,13152.27,1964.109,5492.827,13177.63,2039.797,5389.61,13137.84,2032.027,5423.251,13205.79,2019.457,5419.468,13171.87,2009.766,5468.248,13170.76,2026.161,5482.512,13154.02,1950.336,5379.703,13245.24,1957.595,5436.863
13243.62,2011.312,5490.155,13169.61,2034.814,5462.791,13152.14,1964.109,5492.986,13177.62,2039.797,5389.402,13137.66,2032.027,5423.157,13205.94,2019.457,5419.329,13171.76,2009.766,5468.424,13170.73,2026.161,5482.717,13153.98,1950.336,5379.498,13245.4,1957.595,5436.736
13243.79,2011.312,5490.269,13169.62,2034.814,5462.999,13152,1964.109,5493.146,13177.61,2039.797,5389.194,13137.47,2032.027,5423.063,13206.1,2019.457,5419.19,13171.65,2009.766,5468.6,13170.7,2026.161,5482.923,13153.94,1950.336,5379.293,13245.57,1957.595,5436.61
13243.97,2011.312,5490.386,13169.62,2034.814,5463.207,13151.87,1964.109,5493.307,13177.6,2039.797,5388.986,13137.28,2032.027,5422.968,13206.25,2019.457,5419.052,13171.54,2009.766,5468.775,13170.66,2026.161,5483.128,13153.9,1950.336,5379.088,13245.73,1957.595,5436.485
13244.14,2011.312,5490.503,13169.62,2034.814,5463.415,13151.74,1964.109,5493.469,13177.59,2039.797,5388.778,13137.1,2032.027,5422.874,13206.41,2019.457,5418.913,13171.42,2009.766,5468.949,13170.63,2026.161,5483.334,13153.86,1950.336,5378.884,13245.9,1957.595,5436.36
13244.31,2011.312,5490.623,13169.62,2034.814,5463.623,13151.61,1964.109,5493.631,13177.58,2039.797,5388.57,13136.91,2032.027,5422.779,13206.56,2019.457,5418.774,13171.31,2009.766,5469.123,13170.6,2026.161,5483.539,13153.82,1950.336,5378.68,13246.07,1957.595,5436.235
13244.48,2011.312,5490.742,13169.62,2034.814,5463.831,13151.48,1964.109,5493.793,13177.58,2039.797,5388.362,13136.73,2032.027,5422.684,13206.72,2019.457,5418.636,13171.19,2009.766,5469.296,13170.56,2026.161,5483.744,13153.78,1950.336,5378.477,13246.23,1957.595,5436.11
13244.65,2011.312,5490.861,13169.61,2034.814,5464.039,13151.35,1964.109,5493.957,13177.58,2039.797,5388.154,13136.54,2032.027,5422.589,13206.87,2019.457,5418.497,13171.08,2009.766,5469.469,13170.53,2026.161,5483.949,13153.73,1950.336,5378.273,13246.4,1957.595,5435.986
13244.82,2011.312,5490.98,13169.6,2034.814,5464.247,13151.22,1964.109,5494.121,13177.58,2039.797,5387.946,13136.36,2032.027,5422.494,13207.03,2019.457,5418.358,13170.96,2009.766,5469.641,13170.49,2026.161,5484.154,13153.69,1950.336,5378.07,13246.57,1957.595,5435.863
13244.99,2011.312,5491.1,13169.59,2034.814,5464.455,13151.09,1964.109,5494.285,13177.58,2039.797,5387.738,13136.17,2032.027,5422.398,13207.18,2019.457,5418.22,13170.84,2009.766,5469.812,13170.46,2026.161,5484.359,13153.64,1950.336,5377.867,13246.74,1957.595,5435.739
13245.16,2011.312,5491.219,13169.58,2034.814,5464.663,13150.97,1964.109,5494.45,13177.59,2039.797,5387.53,13135.98,2032.027,5422.306,13207.34,2019.457,5418.081,13170.72,2009.766,5469.982,13170.42,2026.161,5484.564,13153.6,1950.336,5377.664,13246.9,1957.595,5435.616
13245.33,2011.312,5491.338,13169.57,2034.814,5464.871,13150.84,1964.109,5494.614,13177.6,2039.797,5387.322,13135.8,2032.027,5422.215,13207.49,2019.457,5417.942,13170.6,2009.766,5470.152,13170.38,2026.161,5484.77,13153.55,1950.336,5377.461,13247.07,1957.595,5435.493
13245.5,2011.312,5491.457,13169.55,2034.814,5465.078,13150.71,1964.109,5494.778,13177.6,2039.797,5387.114,13135.61,2032.027,5422.126,13207.65,2019.457,5417.804,13170.48,2009.766,5470.322,13170.35,2026.161,5484.975,13153.5,1950.336,5377.259,13247.24,1957.595,5435.371
13245.68,2011.312,5491.575,13169.54,2034.814,5465.286,13150.58,1964.109,5494.941,13177.61,2039.797,5386.906,13135.42,2032.027,5422.039,13207.8,2019.457,5417.665,13170.36,2009.766,5470.491,13170.31,2026.161,5485.18,13153.45,1950.336,5377.057,13247.41,1957.595,5435.249
13245.85,2011.312,5491.694,13169.52,2034.814,5465.493,13150.45,1964.109,5495.105,13177.63,2039.797,5386.698,13135.23,2032.027,5421.954,13207.96,2019.457,5417.526,13170.24,2009.766,5470.659,13170.27,2026.161,5485.385,13153.4,1950.336,5376.855,13247.58,1957.595,5435.126
13246.02,2011.312,5491.813,13169.5,2034.814,5465.7,13150.32,1964.109,5495.269,13177.64,2039.797,5386.49,13135.04,2032.027,5421.87,13208.11,2019.457,5417.388,13170.11,2009.766,5470.826,13170.24,2026.161,5485.59,13153.35,1950.336,5376.653,13247.75,1957.595,5435.005
13246.19,2011.312,5491.931,13169.48,2034.814,5465.907,13150.19,1964.109,5495.432,13177.65,2039.797,5386.283,13134.85,2032.027,5421.788,13208.27,2019.457,5417.249,13169.99,2009.766,5470.994,13170.2,2026.161,5485.795,13153.29,1950.336,5376.452,13247.92,1957.595,5434.883
13246.36,2011.312,5492.05,13169.45,2034.814,5466.114,13150.06,1964.109,5495.595,13177.67,2039.797,5386.075,13134.66,2032.027,5421.707,13208.42,2019.457,5417.11,13169.87,2009.766,5471.163,13170.17,2026.161,5486,13153.24,1950.336,5376.25,13248.08,1957.595,5434.76
13246.53,2011.312,5492.168,13169.43,2034.814,5466.321,13149.93,1964.109,5495.758,13177.69,2039.797,5385.868,13134.46,2032.027,5421.627,13208.58,2019.457,5416.972,13169.75,2009.766,5471.332,13170.13,2026.161,5486.205,13153.19,1950.336,5376.049,13248.25,1957.595,5434.638
13246.7,2011.312,5492.287,13169.4,2034.814,5466.527,13149.8,1964.109,5495.92,13177.7,2039.797,5385.66,13134.27,2032.027,5421.549,13208.74,2019.457,5416.834,13169.62,2009.766,5471.501,13170.09,2026.161,5486.41,13153.13,1950.336,5375.849,13248.42,1957.595,5434.515
13246.87,2011.312,5492.405,13169.37,2034.814,5466.733,13149.67,1964.109,5496.083,13177.72,2039.797,5385.453,13134.08,2032.027,5421.471,13208.89,2019.457,5416.696,13169.5,2009.766,5471.671,13170.05,2026.161,5486.615,13153.07,1950.336,5375.648,13248.59,1957.595,5434.392
13247.04,2011.312,5492.523,13169.34,2034.814,5466.939,13149.54,1964.109,5496.246,13177.74,2039.797,5385.246,13133.88,2032.027,5421.394,13209.05,2019.457,5416.558,13169.38,2009.766,5471.841,13170.02,2026.161,5486.819,13153.02,1950.336,5375.448,13248.75,1957.595,5434.268
13247.22,2011.312,5492.641,13169.31,2034.814,5467.145,13149.41,1964.109,5496.408,13177.76,2039.797,5385.039,13133.69,2032.027,5421.318,13209.2,2019.457,5416.419,13169.26,2009.766,5472.011,13169.98,2026.161,5487.024,13152.96,1950.336,5375.249,13248.92,1957.595,5434.144
13247.39,2011.312,5492.759,13169.28,2034.814,5467.351,13149.28,1964.109,5496.57,13177.78,2039.797,5384.832,13133.5,2032.027,5421.243,13209.36,2019.457,5416.281,13169.15,2009.766,5472.182,13169.94,2026.161,5487.229,13152.9,1950.336,5375.049,13249.09,1957.595,5434.02
13247.56,2011.312,5492.876,13169.24,2034.814,5467.556,13149.15,1964.109,5496.731,13177.81,2039.797,5384.625,13133.3,2032.027,5421.168,13209.51,2019.457,5416.143,13169.03,2009.766,5472.353,13169.9,2026.161,5487.433,13152.84,1950.336,5374.85,13249.26,1957.595,5433.896
13247.73,2011.312,5492.994,13169.2,2034.814,5467.761,13149.02,1964.109,5496.893,13177.83,2039.797,5384.417,13133.11,2032.027,5421.094,13209.67,2019.457,5416.005,13168.91,2009.766,5472.524,13169.86,2026.161,5487.638,13152.78,1950.336,5374.65,13249.42,1957.595,5433.771
13247.9,2011.312,5493.112,13169.17,2034.814,5467.965,13148.89,1964.109,5497.055,13177.85,2039.797,5384.211,13132.91,2032.027,5421.02,13209.82,2019.457,5415.867,13168.79,2009.766,5472.696,13169.83,2026.161,5487.842,13152.72,1950.336,5374.452,13249.59,1957.595,5433.646
13248.08,2011.312,5493.229,13169.13,2034.814,5468.17,13148.76,1964.109,5497.216,13177.88,2039.797,5384.004,13132.72,2032.027,5420.947,13209.98,2019.457,5415.729,13168.67,2009.766,5472.868,13169.79,2026.161,5488.047,13152.66,1950.336,5374.253,13249.76,1957.595,5433.521
13248.25,2011.312,5493.347,13169.09,2034.814,5468.374,13148.63,1964.109,5497.377,13177.91,2039.797,5383.798,13132.52,2032.027,5420.874,13210.13,2019.457,5415.59,13168.55,2009.766,5473.04,13169.75,2026.161,5488.251,13152.59,1950.336,5374.055,13249.92,1957.595,5433.395
13248.42,2011.312,5493.464,13169.04,2034.814,5468.578,13148.49,1964.109,5497.538,13177.93,2039.797,5383.591,13132.33,2032.027,5420.802,13210.29,2019.457,5415.452,13168.44,2009.766,5473.211,13169.71,2026.161,5488.456,13152.53,1950.336,5373.856,13250.09,1957.595,5433.269
13248.59,2011.312,5493.582,13169,2034.814,5468.782,13148.36,1964.109,5497.698,13177.96,2039.797,5383.385,13132.13,2032.027,5420.729,13210.45,2019.457,5415.314,13168.32,2009.766,5473.384,13169.67,2026.161,5488.661,13152.46,1950.336,5373.659,13250.25,1957.595,5433.143
13248.76,2011.312,5493.699,13168.96,2034.814,5468.985,13148.23,1964.109,5497.858,13177.99,2039.797,5383.178,13131.94,2032.027,5420.658,13210.6,2019.457,5415.176,13168.2,2009.766,5473.556,13169.63,2026.161,5488.865,13152.4,1950.336,5373.461,13250.42,1957.595,5433.017
13248.93,2011.312,5493.816,13168.91,2034.814,5469.188,13148.09,1964.109,5498.019,13178.02,2039.797,5382.972,13131.74,2032.027,5420.586,13210.76,2019.457,5415.038,13168.09,2009.766,5473.729,13169.6,2026.161,5489.07,13152.33,1950.336,5373.264,13250.58,1957.595,5432.89
13249.1,2011.312,5493.933,13168.86,2034.814,5469.391,13147.96,1964.109,5498.179,13178.04,2039.797,5382.766,13131.55,2032.027,5420.515,13210.91,2019.457,5414.899,13167.97,2009.766,5473.901,13169.56,2026.161,5489.274,13152.26,1950.336,5373.066,13250.75,1957.595,5432.763
13249.28,2011.312,5494.049,13168.81,2034.814,5469.593,13147.83,1964.109,5498.338,13178.08,2039.797,5382.56,13131.35,2032.027,5420.444,13211.07,2019.457,5414.761,13167.85,2009.766,5474.074,13169.52,2026.161,5489.479,13152.2,1950.336,5372.87,13250.91,1957.595,5432.636
13249.45,2011.312,5494.166,13168.76,2034.814,5469.795,13147.69,1964.109,5498.498,13178.11,2039.797,5382.354,13131.15,2032.027,5420.374,13211.23,2019.457,5414.623,13167.74,2009.766,5474.247,13169.48,2026.161,5489.684,13152.13,1950.336,5372.673,13251.08,1957.595,5432.508
13249.62,2011.312,5494.283,13168.71,2034.814,5469.997,13147.56,1964.109,5498.657,13178.14,2039.797,5382.148,13130.96,2032.027,5420.303,13211.38,2019.457,5414.48,13167.62,2009.766,5474.419,13169.45,2026.161,5489.888,13152.06,1950.336,5372.476,13251.24,1957.595,5432.38
13249.79,2011.312,5494.4,13168.66,2034.814,5470.199,13147.42,1964.109,5498.816,13178.17,2039.797,5381.942,13130.76,2032.027,5420.232,13211.53,2019.457,5414.333,13167.51,2009.766,5474.592,13169.41,2026.161,5490.093,13151.99,1950.336,5372.279,13251.41,1957.595,5432.252
13249.96,2011.312,5494.517,13168.6,2034.814,5470.4,13147.29,1964.109,5498.975,13178.2,2039.797,5381.736,13130.57,2032.027,5420.162,13211.67,2019.457,5414.181,13167.39,2009.766,5474.765,13169.37,2026.161,5490.298,13151.93,1950.336,5372.082,13251.57,1957.595,5432.124
13250.14,2011.312,5494.633,13168.55,2034.814,5470.601,13147.16,1964.109,5499.134,13178.23,2039.797,5381.531,13130.37,2032.027,5420.092,13211.81,2019.457,5414.025,13167.27,2009.766,5474.938,13169.33,2026.161,5490.503,13151.86,1950.336,5371.885,13251.74,1957.595,5431.996
13250.31,2011.312,5494.749,13168.49,2034.814,5470.801,13147.02,1964.109,5499.292,13178.27,2039.797,5381.325,13130.17,2032.027,5420.021,13211.95,2019.457,5413.878,13167.16,2009.766,5475.111,13169.3,2026.161,5490.708,13151.79,1950.336,5371.688,13251.9,1957.595,5431.867
13250.48,2011.312,5494.865,13168.44,2034.814,5471.001,13146.88,1964.109,5499.45,13178.3,2039.797,5381.12,13129.98,2032.027,5419.952,13212.1,2019.457,5413.733,13167.04,2009.766,5475.284,13169.26,2026.161,5490.914,13151.73,1950.336,5371.49,13252.06,1957.595,5431.738
13250.66,2011.312,5494.981,13168.38,2034.814,5471.201,13146.75,1964.109,5499.608,13178.33,2039.797,5380.914,13129.78,2032.027,5419.882,13212.25,2019.457,5413.586,13166.92,2009.766,5475.457,13169.22,2026.161,5491.119,13151.66,1950.336,5371.292,13252.22,1957.595,5431.608
13250.83,2011.312,5495.097,13168.32,2034.814,5471.401,13146.61,1964.109,5499.766,13178.37,2039.797,5380.708,13129.58,2032.027,5419.812,13212.39,2019.457,5413.434,13166.81,2009.766,5475.629,13169.19,2026.161,5491.324,13151.6,1950.336,5371.094,13252.39,1957.595,5431.479
13251,2011.312,5495.213,13168.26,2034.814,5471.6,13146.48,1964.109,5499.923,13178.4,2039.797,5380.503,13129.39,2032.027,5419.742,13212.54,2019.457,5413.289,13166.69,2009.766,5475.801,13169.15,2026.161,5491.529,13151.53,1950.336,5370.896,13252.55,1957.595,5431.349
13251.17,2011.312,5495.329,13168.2,2034.814,5471.799,13146.34,1964.109,5500.08,13178.44,2039.797,5380.298,13129.19,2032.027,5419.672,13212.69,2019.457,5413.139,13166.57,2009.766,5475.971,13169.12,2026.161,5491.734,13151.47,1950.336,5370.698,13252.71,1957.595,5431.218
13251.35,2011.312,5495.445,13168.13,2034.814,5471.998,13146.2,1964.109,5500.237,13178.47,2039.797,5380.093,13129,2032.027,5419.603,13212.83,2019.457,5412.987,13166.45,2009.766,5476.14,13169.08,2026.161,5491.939,13151.41,1950.336,5370.5,13252.88,1957.595,5431.088
13251.52,2011.312,5495.561,13168.07,2034.814,5472.196,13146.07,1964.109,5500.394,13178.51,2039.797,5379.888,13128.8,2032.027,5419.533,13212.98,2019.457,5412.843,13166.32,2009.766,5476.307,13169.05,2026.161,5492.144,13151.34,1950.336,5370.301,13253.04,1957.595,5430.957
13251.69,2011.312,5495.676,13168,2034.814,5472.394,13145.93,1964.109,5500.551,13178.55,2039.797,5379.683,13128.6,2032.027,5419.463,13213.12,2019.457,5412.694,13166.2,2009.766,5476.473,13169.01,2026.161,5492.35,13151.28,1950.336,5370.102,13253.2,1957.595,5430.826
13251.86,2011.312,5495.791,13167.94,2034.814,5472.591,13145.79,1964.109,5500.707,13178.58,2039.797,5379.479,13128.41,2032.027,5419.394,13213.27,2019.457,5412.542,13166.07,2009.766,5476.638,13168.98,2026.161,5492.555,13151.22,1950.336,5369.903,13253.36,1957.595,5430.695
13252.04,2011.312,5495.908,13167.87,2034.814,5472.789,13145.65,1964.109,5500.863,13178.62,2039.797,5379.274,13128.21,2032.027,5419.325,13213.4,2019.457,5412.385,13165.94,2009.766,5476.802,13168.94,2026.161,5492.761,13151.16,1950.336,5369.704,13253.52,1957.595,5430.563
13252.21,2011.312,5496.023,13167.81,2034.814,5472.985,13145.52,1964.109,5501.019,13178.66,2039.797,5379.069,13128.01,2032.027,5419.255,13213.54,2019.457,5412.225,13165.81,2009.766,5476.964,13168.91,2026.161,5492.966,13151.1,1950.336,5369.505,13253.68,1957.595,5430.432
13252.38,2011.312,5496.138,13167.74,2034.814,5473.182,13145.38,1964.109,5501.175,13178.7,2039.797,5378.865,13127.82,2032.027,5419.186,13213.67,2019.457,5412.063,13165.68,2009.766,5477.125,13168.88,2026.161,5493.172,13151.04,1950.336,5369.306,13253.84,1957.595,5430.3
13252.56,2011.312,5496.253,13167.67,2034.814,5473.378,13145.24,1964.109,5501.33,13178.74,2039.797,5378.66,13127.62,2032.027,5419.117,13213.8,2019.457,5411.899,13165.55,2009.766,5477.284,13168.84,2026.161,5493.377,13150.98,1950.336,5369.106,13254.01,1957.595,5430.167
13252.73,2011.312,5496.368,13167.6,2034.814,5473.574,13145.1,1964.109,5501.485,13178.78,2039.797,5378.456,13127.42,2032.027,5419.047,13213.92,2019.457,5411.735,13165.41,2009.766,5477.442,13168.81,2026.161,5493.583,13150.92,1950.336,5368.907,13254.17,1957.595,5430.035
13252.9,2011.312,5496.483,13167.53,2034.814,5473.77,13144.96,1964.109,5501.64,13178.82,2039.797,5378.252,13127.23,2032.027,5418.978,13214.05,2019.457,5411.571,13165.27,2009.766,5477.599,13168.78,2026.161,5493.789,13150.86,1950.336,5368.707,13254.33,1957.595,5429.902
13253.08,2011.312,5496.598,13167.45,2034.814,5473.965,13144.82,1964.109,5501.794,13178.86,2039.797,5378.048,13127.03,2032.027,5418.909,13214.18,2019.457,5411.407,13165.14,2009.766,5477.754,13168.75,2026.161,5493.994,13150.8,1950.336,5368.507,13254.49,1957.595,5429.77
13253.25,2011.312,5496.712,13167.38,2034.814,5474.16,13144.68,1964.109,5501.949,13178.9,2039.797,5377.844,13126.84,2032.027,5418.839,13214.31,2019.457,5411.242,13165,2009.766,5477.908,13168.72,2026.161,5494.2,13150.74,1950.336,5368.308,13254.65,1957.595,5429.636
13253.43,2011.312,5496.827,13167.31,2034.814,5474.355,13144.54,1964.109,5502.103,13178.95,2039.797,5377.64,13126.64,2032.027,5418.77,13214.44,2019.457,5411.078,13164.85,2009.766,5478.061,13168.69,2026.161,5494.406,13150.68,1950.336,5368.107,13254.81,1957.595,5429.503
13253.6,2011.312,5496.942,13167.23,2034.814,5474.549,13144.4,1964.109,5502.256,13178.99,2039.797,5377.436,13126.44,2032.027,5418.701,13214.56,2019.457,5410.913,13164.71,2009.766,5478.211,13168.66,2026.161,5494.612,13150.63,1950.336,5367.907,13254.97,1957.595,5429.369
13253.77,2011.312,5497.056,13167.16,2034.814,5474.743,13144.26,1964.109,5502.41,13179.03,2039.797,5377.232,13126.25,2032.027,5418.631,13214.69,2019.457,5410.749,13164.57,2009.766,5478.361,13168.63,2026.161,5494.818,13150.57,1950.336,5367.707,13255.13,1957.595,5429.235
13253.95,2011.312,5497.17,13167.08,2034.814,5474.937,13144.12,1964.109,5502.563,13179.07,2039.797,5377.028,13126.05,2032.027,5418.562,13214.82,2019.457,5410.584,13164.42,2009.766,5478.509,13168.6,2026.161,5495.024,13150.51,1950.336,5367.507,13255.29,1957.595,5429.101
13254.12,2011.312,5497.285,13167,2034.814,5475.13,13143.98,1964.109,5502.716,13179.12,2039.797,5376.825,13125.85,2032.027,5418.493,13214.95,2019.457,5410.42,13164.27,2009.766,5478.656,13168.57,2026.161,5495.23,13150.46,1950.336,5367.306,13255.45,1957.595,5428.967
13254.29,2011.312,5497.399,13166.92,2034.814,5475.324,13143.84,1964.109,5502.869,13179.16,2039.797,5376.621,13125.66,2032.027,5418.423,13215.08,2019.457,5410.256,13164.12,2009.766,5478.802,13168.54,2026.161,5495.437,13150.4,1950.336,5367.105,13255.6,1957.595,5428.832
13254.47,2011.312,5497.513,13166.85,2034.814,5475.517,13143.69,1964.109,5503.021,13179.21,2039.797,5376.417,13125.46,2032.027,5418.354,13215.2,2019.457,5410.091,13163.97,2009.766,5478.946,13168.51,2026.161,5495.643,13150.34,1950.336,5366.905,13255.76,1957.595,5428.697
13254.64,2011.312,5497.627,13166.77,2034.814,5475.709,13143.55,1964.109,5503.173,13179.25,2039.797,5376.214,13125.27,2032.027,5418.285,13215.33,2019.457,5409.927,13163.82,2009.766,5479.088,13168.48,2026.161,5495.85,13150.29,1950.336,5366.704,13255.92,1957.595,5428.563
13254.81,2011.312,5497.741,13166.69,2034.814,5475.901,13143.41,1964.109,5503.325,13179.29,2039.797,5376.011,13125.07,2032.027,5418.215,13215.46,2019.457,5409.762,13163.67,2009.766,5479.229,13168.46,2026.161,5496.056,13150.24,1950.336,5366.503,13256.08,1957.595,5428.427
13254.99,2011.312,5497.855,13166.6,2034.814,5476.092,13143.27,1964.109,5503.477,13179.34,2039.797,5375.808,13124.87,2032.027,5418.146,13215.58,2019.457,5409.598,13163.51,2009.766,5479.368,13168.43,2026.161,5496.263,13150.18,1950.336,5366.302,13256.24,1957.595,5428.292
13255.16,2011.312,5497.97,13166.52,2034.814,5476.283,13143.13,1964.109,5503.628,13179.39,2039.797,5375.604,13124.68,2032.027,5418.071,13215.71,2019.457,5409.434,13163.36,2009.766,5479.506,13168.4,2026.161,5496.469,13150.13,1950.336,5366.101,13256.4,1957.595,5428.156
13255.33,2011.312,5498.095,13166.44,2034.814,5476.474,13142.98,1964.109,5503.78,13179.43,2039.797,5375.402,13124.49,2032.027,5417.992,13215.84,2019.457,5409.27,13163.2,2009.766,5479.642,13168.38,2026.161,5496.676,13150.07,1950.336,5365.901,13256.55,1957.595,5428.021
13255.5,2011.312,5498.215,13166.35,2034.814,5476.664,13142.84,1964.109,5503.931,13179.48,2039.797,5375.199,13124.29,2032.027,5417.915,13215.97,2019.457,5409.106,13163.04,2009.766,5479.777,13168.35,2026.161,5496.882,13150.01,1950.336,5365.701,13256.71,1957.595,5427.884
13255.66,2011.312,5498.341,13166.26,2034.814,5476.853,13142.69,1964.109,5504.082,13179.53,2039.797,5374.997,13124.1,2032.027,5417.833,13216.1,2019.457,5408.944,13162.88,2009.766,5479.91,13168.33,2026.161,5497.089,13149.95,1950.336,5365.502,13256.87,1957.595,5427.748
13255.82,2011.312,5498.478,13166.18,2034.814,5477.042,13142.55,1964.109,5504.232,13179.58,2039.797,5374.794,13123.91,2032.027,5417.746,13216.23,2019.457,5408.782,13162.72,2009.766,5480.042,13168.31,2026.161,5497.296,13149.88,1950.336,5365.304,13257.03,1957.595,5427.611
13255.98,2011.312,5498.609,13166.09,2034.814,5477.229,13142.41,1964.109,5504.382,13179.63,2039.797,5374.592,13123.72,2032.027,5417.658,13216.36,2019.457,5408.622,13162.56,2009.766,5480.172,13168.29,2026.161,5497.504,13149.82,1950.336,5365.106,13257.18,1957.595,5427.475
13256.14,2011.312,5498.736,13166,2034.814,5477.417,13142.26,1964.109,5504.532,13179.68,2039.797,5374.39,13123.54,2032.027,5417.566,13216.5,2019.457,5408.462,13162.39,2009.766,5480.301,13168.27,2026.161,5497.711,13149.75,1950.336,5364.909,13257.34,1957.595,5427.338
13256.31,2011.312,5498.858,13165.91,2034.814,5477.604,13142.12,1964.109,5504.682,13179.73,2039.797,5374.188,13123.35,2032.027,5417.472,13216.63,2019.457,5408.303,13162.23,2009.766,5480.428,13168.26,2026.161,5497.919,13149.68,1950.336,5364.712,13257.5,1957.595,5427.201
13256.49,2011.312,5498.975,13165.81,2034.814,5477.791,13141.97,1964.109,5504.832,13179.78,2039.797,5373.987,13123.17,2032.027,5417.376,13216.76,2019.457,5408.144,13162.06,2009.766,5480.554,13168.25,2026.161,5498.127,13149.61,1950.336,5364.516,13257.65,1957.595,5427.063
13256.66,2011.312,5499.089,13165.72,2034.814,5477.976,13141.83,1964.109,5504.98,13179.83,2039.797,5373.785,13122.98,2032.027,5417.284,13216.9,2019.457,5407.985,13161.89,2009.766,5480.678,13168.24,2026.161,5498.335,13149.54,1950.336,5364.32,13257.81,1957.595,5426.926
13256.83,2011.312,5499.204,13165.62,2034.814,5478.161,13141.68,1964.109,5505.129,13179.89,2039.797,5373.584,13122.79,2032.027,5417.188,13217.03,2019.457,5407.827,13161.73,2009.766,5480.8,13168.23,2026.161,5498.543,13149.47,1950.336,5364.125,13257.97,1957.595,5426.788
13257.01,2011.312,5499.317,13165.53,2034.814,5478.346,13141.54,1964.109,5505.278,13179.94,2039.797,5373.383,13122.61,2032.027,5417.096,13217.17,2019.457,5407.668,13161.56,2009.766,5480.921,13168.22,2026.161,5498.751,13149.39,1950.336,5363.931,13258.12,1957.595,5426.65
13257.18,2011.312,5499.425,13165.43,2034.814,5478.53,13141.39,1964.109,5505.426,13180,2039.797,5373.182,13122.42,2032.027,5417.009,13217.31,2019.457,5407.515,13161.39,2009.766,5481.041,13168.22,2026.161,5498.959,13149.32,1950.336,5363.738,13258.28,1957.595,5426.512
13257.37,2011.312,5499.528,13165.33,2034.814,5478.713,13141.24,1964.109,5505.574,13180.05,2039.797,5372.981,13122.23,2032.027,5416.917,13217.46,2019.457,5407.365,13161.21,2009.766,5481.158,13168.21,2026.161,5499.167,13149.24,1950.336,5363.545,13258.43,1957.595,5426.374
13257.55,2011.312,5499.625,13165.23,2034.814,5478.896,13141.1,1964.109,5505.722,13180.11,2039.797,5372.78,13122.05,2032.027,5416.826,13217.61,2019.457,5407.22,13161.04,2009.766,5481.274,13168.21,2026.161,5499.375,13149.16,1950.336,5363.353,13258.59,1957.595,5426.235
13257.74,2011.312,5499.717,13165.13,2034.814,5479.078,13140.95,1964.109,5505.87,13180.16,2039.797,5372.58,13121.86,2032.027,5416.731,13217.76,2019.457,5407.08,13160.87,2009.766,5481.389,13168.21,2026.161,5499.583,13149.08,1950.336,5363.162,13258.74,1957.595,5426.097
13257.92,2011.312,5499.805,13165.03,2034.814,5479.26,13140.8,1964.109,5506.017,13180.22,2039.797,5372.379,13121.68,2032.027,5416.635,13217.92,2019.457,5406.945,13160.69,2009.766,5481.502,13168.21,2026.161,5499.791,13148.99,1950.336,5362.971,13258.9,1957.595,5425.958
13258.12,2011.312,5499.89,13164.92,2034.814,5479.44,13140.66,1964.109,5506.164,13180.27,2039.797,5372.179,13121.49,2032.027,5416.542,13218.08,2019.457,5406.814,13160.52,2009.766,5481.613,13168.22,2026.161,5499.999,13148.91,1950.336,5362.781,13259.05,1957.595,5425.819
13258.31,2011.312,5499.973,13164.82,2034.814,5479.621,13140.51,1964.109,5506.311,13180.33,2039.797,5371.979,13121.31,2032.027,5416.446,13218.25,2019.457,5406.688,13160.34,2009.766,5481.723,13168.22,2026.161,5500.207,13148.82,1950.336,5362.592,13259.21,1957.595,5425.68
13258.5,2011.312,5500.054,13164.71,2034.814,5479.8,13140.36,1964.109,5506.458,13180.39,2039.797,5371.778,13121.12,2032.027,5416.354,13218.42,2019.457,5406.566,13160.16,2009.766,5481.831,13168.23,2026.161,5500.415,13148.73,1950.336,5362.404,13259.36,1957.595,5425.54
13258.69,2011.312,5500.139,13164.61,2034.814,5479.979,13140.21,1964.109,5506.604,13180.45,2039.797,5371.579,13120.93,2032.027,5416.266,13218.59,2019.457,5406.449,13159.99,2009.766,5481.941,13168.24,2026.161,5500.623,13148.64,1950.336,5362.216,13259.52,1957.595,5425.4
13258.88,2011.312,5500.228,13164.5,2034.814,5480.158,13140.06,1964.109,5506.75,13180.51,2039.797,5371.379,13120.74,2032.027,5416.174,13218.76,2019.457,5406.329,13159.81,2009.766,5482.052,13168.25,2026.161,5500.831,13148.55,1950.336,5362.029,13259.67,1957.595,5425.261
13259.06,2011.312,5500.32,13164.39,2034.814,5480.335,13139.92,1964.109,5506.896,13180.57,2039.797,5371.179,13120.55,2032.027,5416.084,13218.93,2019.457,5406.213,13159.63,2009.766,5482.165,13168.26,2026.161,5501.039,13148.45,1950.336,5361.843,13259.83,1957.595,5425.121
13259.25,2011.312,5500.409,13164.28,2034.814,5480.513,13139.77,1964.109,5507.042,13180.63,2039.797,5370.98,13120.37,2032.027,5415.991,13219.11,2019.457,5406.101,13159.46,2009.766,5482.279,13168.27,2026.161,5501.247,13148.36,1950.336,5361.658,13259.98,1957.595,5424.98
13259.44,2011.312,5500.5,13164.17,2034.814,5480.689,13139.62,1964.109,5507.187,13180.69,2039.797,5370.781,13120.18,2032.027,5415.893,13219.28,2019.457,5405.986,13159.29,2009.766,5482.395,13168.29,2026.161,5501.455,13148.26,1950.336,5361.474,13260.13,1957.595,5424.84
13259.63,2011.312,5500.595,13164.06,2034.814,5480.866,13139.47,1964.109,5507.332,13180.75,2039.797,5370.582,13120,2032.027,5415.788,13219.45,2019.457,5405.867,13159.11,2009.766,5482.511,13168.3,2026.161,5501.662,13148.16,1950.336,5361.29,13260.29,1957.595,5424.699
13259.81,2011.312,5500.693,13163.95,2034.814,5481.043,13139.32,1964.109,5507.477,13180.81,2039.797,5370.382,13119.83,2032.027,5415.678,13219.62,2019.457,5405.746,13158.94,2009.766,5482.629,13168.32,2026.161,5501.87,13148.06,1950.336,5361.107,13260.44,1957.595,5424.559
13259.99,2011.312,5500.794,13163.85,2034.814,5481.222,13139.17,1964.109,5507.622,13180.87,2039.797,5370.184,13119.65,2032.027,5415.563,13219.79,2019.457,5405.623,13158.77,2009.766,5482.748,13168.34,2026.161,5502.077,13147.96,1950.336,5360.926,13260.59,1957.595,5424.417
13260.17,2011.312,5500.898,13163.74,2034.814,5481.4,13139.02,1964.109,5507.766,13180.93,2039.797,5369.985,13119.48,2032.027,5415.443,13219.95,2019.457,5405.497,13158.6,2009.766,5482.868,13168.36,2026.161,5502.284,13147.86,1950.336,5360.745,13260.75,1957.595,5424.276
13260.35,2011.312,5501.005,13163.63,2034.814,5481.58,13138.87,1964.109,5507.91,13181,2039.797,5369.786,13119.32,2032.027,5415.319,13220.12,2019.457,5405.37,13158.43,2009.766,5482.989,13168.38,2026.161,5502.491,13147.75,1950.336,5360.564,13260.9,1957.595,5424.135
13260.53,2011.312,5501.115,13163.53,2034.814,5481.759,13138.72,1964.109,5508.054,13181.06,2039.797,5369.588,13119.15,2032.027,5415.199,13220.28,2019.457,5405.241,13158.26,2009.766,5483.111,13168.4,2026.161,5502.698,13147.65,1950.336,5360.385,13261.05,1957.595,5423.993
13260.7,2011.312,5501.226,13163.43,2034.814,5481.94,13138.57,1964.109,5508.197,13181.12,2039.797,5369.39,13118.97,2032.027,5415.084,13220.45,2019.457,5405.114,13158.09,2009.766,5483.233,13168.42,2026.161,5502.905,13147.54,1950.336,5360.207,13261.2,1957.595,5423.851
13260.88,2011.312,5501.339,13163.32,2034.814,5482.121,13138.42,1964.109,5508.34,13181.19,2039.797,5369.191,13118.8,2032.027,5414.963,13220.61,2019.457,5404.99,13157.93,2009.766,5483.354,13168.44,2026.161,5503.113,13147.43,1950.336,5360.03,13261.36,1957.595,5423.709
13261.05,2011.312,5501.455,13163.22,2034.814,5482.303,13138.26,1964.109,5508.483,13181.25,2039.797,5368.994,13118.63,2032.027,5414.847,13220.78,2019.457,5404.868,13157.76,2009.766,5483.475,13168.46,2026.161,5503.32,13147.32,1950.336,5359.854,13261.51,1957.595,5423.567
13261.22,2011.312,5501.571,13163.12,2034.814,5482.485,13138.11,1964.109,5508.626,13181.32,2039.797,5368.796,13118.46,2032.027,5414.723,13220.95,2019.457,5404.748,13157.59,2009.766,5483.595,13168.48,2026.161,5503.528,13147.21,1950.336,5359.678,13261.66,1957.595,5423.424
13261.4,2011.312,5501.689,13163.02,2034.814,5482.667,13137.96,1964.109,5508.769,13181.38,2039.797,5368.598,13118.29,2032.027,5414.603,13221.12,2019.457,5404.629,13157.42,2009.766,5483.715,13168.5,2026.161,5503.735,13147.09,1950.336,5359.504,13261.81,1957.595,5423.282
13261.57,2011.312,5501.809,13162.92,2034.814,5482.851,13137.81,1964.109,5508.911,13181.45,2039.797,5368.4,13118.12,2032.027,5414.485,13221.29,2019.457,5404.513,13157.25,2009.766,5483.834,13168.51,2026.161,5503.943,13146.98,1950.336,5359.331,13261.96,1957.595,5423.139
13261.74,2011.312,5501.93,13162.83,2034.814,5483.034,13137.66,1964.109,5509.053,13181.51,2039.797,5368.203,13117.96,2032.027,5414.357,13221.47,2019.457,5404.397,13157.07,2009.766,5483.953,13168.53,2026.161,5504.15,13146.86,1950.336,5359.158,13262.12,1957.595,5422.996
13261.9,2011.312,5502.052,13162.73,2034.814,5483.218,13137.5,1964.109,5509.194,13181.58,2039.797,5368.006,13117.79,2032.027,5414.233,13221.64,2019.457,5404.284,13156.9,2009.766,5484.07,13168.55,2026.161,5504.358,13146.74,1950.336,5358.987,13262.27,1957.595,5422.853
13262.07,2011.312,5502.175,13162.63,2034.814,5483.403,13137.35,1964.109,5509.336,13181.65,2039.797,5367.809,13117.62,2032.027,5414.115,13221.82,2019.457,5404.171,13156.73,2009.766,5484.188,13168.57,2026.161,5504.565,13146.63,1950.336,5358.816,13262.42,1957.595,5422.709
13262.24,2011.312,5502.299,13162.54,2034.814,5483.588,13137.2,1964.109,5509.477,13181.71,2039.797,5367.612,13117.44,2032.027,5414,13221.99,2019.457,5404.062,13156.56,2009.766,5484.304,13168.58,2026.161,5504.773,13146.5,1950.336,5358.647,13262.57,1957.595,5422.565
13262.41,2011.312,5502.424,13162.45,2034.814,5483.774,13137.05,1964.109,5509.618,13181.78,2039.797,5367.415,13117.27,2032.027,5413.888,13222.17,2019.457,5403.957,13156.38,2009.766,5484.419,13168.6,2026.161,5504.98,13146.38,1950.336,5358.479,13262.72,1957.595,5422.421
13262.57,2011.312,5502.549,13162.35,2034.814,5483.961,13136.89,1964.109,5509.759,13181.85,2039.797,5367.218,13117.09,2032.027,5413.774,13222.36,2019.457,5403.856,13156.21,2009.766,5484.534,13168.62,2026.161,5505.188,13146.26,1950.336,5358.311,13262.87,1957.595,5422.277
13262.74,2011.312,5502.675,13162.26,2034.814,5484.149,13136.74,1964.109,5509.899,13181.92,2039.797,5367.021,13116.92,2032.027,5413.662,13222.54,2019.457,5403.759,13156.04,2009.766,5484.647,13168.64,2026.161,5505.396,13146.13,1950.336,5358.145,13263.02,1957.595,5422.133
13262.9,2011.312,5502.802,13162.18,2034.814,5484.337,13136.58,1964.109,5510.04,13181.99,2039.797,5366.825,13116.74,2032.027,5413.552,13222.73,2019.457,5403.666,13155.86,2009.766,5484.76,13168.65,2026.161,5505.603,13146.01,1950.336,5357.979,13263.17,1957.595,5421.989
13263.07,2011.312,5502.929,13162.09,2034.814,5484.526,13136.43,1964.109,5510.18,13182.06,2039.797,5366.629,13116.56,2032.027,5413.442,13222.92,2019.457,5403.577,13155.69,2009.766,5484.872,13168.67,2026.161,5505.811,13145.88,1950.336,5357.814,13263.32,1957.595,5421.844
13263.23,2011.312,5503.057,13162,2034.814,5484.716,13136.28,1964.109,5510.319,13182.13,2039.797,5366.433,13116.39,2032.027,5413.333,13223.11,2019.457,5403.493,13155.51,2009.766,5484.982,13168.69,2026.161,5506.018,13145.75,1950.336,5357.651,13263.47,1957.595,5421.699
13263.4,2011.312,5503.185,13161.92,2034.814,5484.907,13136.12,1964.109,5510.458,13182.2,2039.797,5366.237,13116.21,2032.027,5413.224,13223.3,2019.457,5403.412,13155.33,2009.766,5485.091,13168.71,2026.161,5506.226,13145.62,1950.336,5357.489,13263.62,1957.595,5421.554
13263.56,2011.312,5503.313,13161.84,2034.814,5485.098,13135.97,1964.109,5510.598,13182.27,2039.797,5366.041,13116.03,2032.027,5413.115,13223.49,2019.457,5403.336,13155.15,2009.766,5485.199,13168.73,2026.161,5506.433,13145.49,1950.336,5357.328,13263.77,1957.595,5421.409
13263.72,2011.312,5503.442,13161.76,2034.814,5485.29,13135.81,1964.109,5510.736,13182.34,2039.797,5365.845,13115.85,2032.027,5413.006,13223.69,2019.457,5403.264,13154.97,2009.766,5485.306,13168.75,2026.161,5506.641,13145.35,1950.336,5357.167,13263.92,1957.595,5421.264
13263.89,2011.312,5503.571,13161.68,2034.814,5485.483,13135.66,1964.109,5510.875,13182.41,2039.797,5365.65,13115.68,2032.027,5412.897,13223.88,2019.457,5403.197,13154.79,2009.766,5485.412,13168.77,2026.161,5506.848,13145.22,1950.336,5357.008,13264.07,1957.595,5421.118
13264.05,2011.312,5503.7,13161.6,2034.814,5485.676,13135.5,1964.109,5511.013,13182.48,2039.797,5365.455,13115.5,2032.027,5412.788,13224.08,2019.457,5403.133,13154.61,2009.766,5485.516,13168.79,2026.161,5507.055,13145.08,1950.336,5356.85,13264.21,1957.595,5420.972
13264.21,2011.312,5503.83,13161.52,2034.814,5485.871,13135.34,1964.109,5511.151,13182.56,2039.797,5365.259,13115.32,2032.027,5412.678,13224.28,2019.457,5403.074,13154.43,2009.766,5485.618,13168.81,2026.161,5507.262,13144.95,1950.336,5356.693,13264.36,1957.595,5420.826
13264.38,2011.312,5503.959,13161.45,2034.814,5486.065,13135.19,1964.109,5511.289,13182.63,2039.797,5365.064,13115.15,2032.027,5412.569,13224.48,2019.457,5403.02,13154.25,2009.766,5485.719,13168.83,2026.161,5507.469,13144.81,1950.336,5356.538,13264.51,1957.595,5420.68
13264.54,2011.312,5504.089,13161.38,2034.814,5486.261,13135.03,1964.109,5511.427,13182.7,2039.797,5364.869,13114.97,2032.027,5412.461,13224.69,2019.457,5402.969,13154.07,2009.766,5485.819,13168.85,2026.161,5507.676,13144.67,1950.336,5356.383,13264.66,1957.595,5420.533
13264.7,2011.312,5504.22,13161.31,2034.814,5486.457,13134.88,1964.109,5511.564,13182.77,2039.797,5364.674,13114.79,2032.027,5412.352,13224.89,2019.457,5402.923,13153.88,2009.766,5485.917,13168.87,2026.161,5507.883,13144.53,1950.336,5356.229,13264.81,1957.595,5420.387
13264.86,2011.312,5504.35,13161.24,2034.814,5486.654,13134.72,1964.109,5511.701,13182.85,2039.797,5364.479,13114.61,2032.027,5412.242,13225.09,2019.457,5402.882,13153.7,2009.766,5486.013,13168.9,2026.161,5508.09,13144.39,1950.336,5356.077,13264.95,1957.595,5420.24
13265.03,2011.312,5504.48,13161.17,2034.814,5486.851,13134.56,1964.109,5511.837,13182.92,2039.797,5364.285,13114.44,2032.027,5412.131,13225.3,2019.457,5402.846,13153.51,2009.766,5486.107,13168.92,2026.161,5508.297,13144.24,1950.336,5355.926,13265.1,1957.595,5420.093
13265.19,2011.312,5504.606,13161.11,2034.814,5487.049,13134.4,1964.109,5511.974,13183,2039.797,5364.091,13114.26,2032.027,5412.021,13225.5,2019.457,5402.813,13153.33,2009.766,5486.199,13168.94,2026.161,5508.504,13144.1,1950.336,5355.776,13265.25,1957.595,5419.948
13265.36,2011.312,5504.726,13161.05,2034.814,5487.248,13134.25,1964.109,5512.11,13183.07,2039.797,5363.896,13114.08,2032.027,5411.91,13225.71,2019.457,5402.786,13153.14,2009.766,5486.29,13168.97,2026.161,5508.71,13143.95,1950.336,5355.627,13265.4,1957.595,5419.807
13265.54,2011.312,5504.84,13160.99,2034.814,5487.447,13134.09,1964.109,5512.246,13183.15,2039.797,5363.703,13113.91,2032.027,5411.798,13225.92,2019.457,5402.762,13152.95,2009.766,5486.378,13169,2026.161,5508.917,13143.81,1950.336,5355.479,13265.56,1957.595,5419.667
13265.71,2011.312,5504.949,13160.93,2034.814,5487.647,13133.93,1964.109,5512.381,13183.22,2039.797,5363.509,13113.73,2032.027,5411.687,13226.13,2019.457,5402.743,13152.76,2009.766,5486.464,13169.02,2026.161,5509.124,13143.66,1950.336,5355.333,13265.72,1957.595,5419.531
13265.89,2011.312,5505.052,13160.87,2034.814,5487.848,13133.77,1964.109,5512.517,13183.3,2039.797,5363.315,13113.56,2032.027,5411.576,13226.33,2019.457,5402.729,13152.57,2009.766,5486.548,13169.05,2026.161,5509.33,13143.51,1950.336,5355.187,13265.88,1957.595,5419.397
13266.08,2011.312,5505.15,13160.82,2034.814,5488.049,13133.61,1964.109,5512.652,13183.38,2039.797,5363.121,13113.38,2032.027,5411.464,13226.54,2019.457,5402.719,13152.38,2009.766,5486.63,13169.08,2026.161,5509.537,13143.36,1950.336,5355.042,13266.04,1957.595,5419.267
13266.27,2011.312,5505.242,13160.76,2034.814,5488.25,13133.46,1964.109,5512.787,13183.45,2039.797,5362.928,13113.21,2032.027,5411.354,13226.75,2019.457,5402.713,13152.19,2009.766,5486.709,13169.11,2026.161,5509.743,13143.21,1950.336,5354.899,13266.2,1957.595,5419.139
13266.46,2011.312,5505.328,13160.71,2034.814,5488.453,13133.3,1964.109,5512.921,13183.53,2039.797,5362.734,13113.03,2032.027,5411.242,13226.96,2019.457,5402.712,13152,2009.766,5486.787,13169.14,2026.161,5509.949,13143.06,1950.336,5354.757,13266.37,1957.595,5419.013
13266.65,2011.312,5505.408,13160.67,2034.814,5488.655,13133.14,1964.109,5513.055,13183.61,2039.797,5362.541,13112.86,2032.027,5411.131,13227.17,2019.457,5402.716,13151.8,2009.766,5486.861,13169.17,2026.161,5510.155,13142.9,1950.336,5354.617,13266.54,1957.595,5418.891
13266.84,2011.312,5505.481,13160.62,2034.814,5488.858,13132.98,1964.109,5513.189,13183.69,2039.797,5362.348,13112.68,2032.027,5411.019,13227.37,2019.457,5402.724,13151.61,2009.766,5486.934,13169.2,2026.161,5510.361,13142.75,1950.336,5354.477,13266.71,1957.595,5418.771
13267.04,2011.312,5505.549,13160.58,2034.814,5489.062,13132.82,1964.109,5513.323,13183.76,2039.797,5362.155,13112.5,2032.027,5410.907,13227.58,2019.457,5402.736,13151.41,2009.766,5487.003,13169.23,2026.161,5510.566,13142.59,1950.336,5354.338,13266.88,1957.595,5418.654
13267.24,2011.312,5505.611,13160.54,2034.814,5489.266,13132.66,1964.109,5513.456,13183.84,2039.797,5361.962,13112.33,2032.027,5410.794,13227.79,2019.457,5402.752,13151.21,2009.766,5487.07,13169.26,2026.161,5510.772,13142.44,1950.336,5354.201,13267.05,1957.595,5418.54
13267.44,2011.312,5505.667,13160.5,2034.814,5489.471,13132.5,1964.109,5513.589,13183.92,2039.797,5361.77,13112.15,2032.027,5410.682,13228,2019.457,5402.773,13151.01,2009.766,5487.134,13169.3,2026.161,5510.978,13142.28,1950.336,5354.065,13267.23,1957.595,5418.429
13267.64,2011.312,5505.717,13160.46,2034.814,5489.676,13132.34,1964.109,5513.722,13184,2039.797,5361.578,13111.98,2032.027,5410.569,13228.2,2019.457,5402.798,13150.81,2009.766,5487.195,13169.33,2026.161,5511.183,13142.12,1950.336,5353.93,13267.41,1957.595,5418.32
13267.84,2011.312,5505.761,13160.43,2034.814,5489.881,13132.18,1964.109,5513.854,13184.08,2039.797,5361.385,13111.8,2032.027,5410.456,13228.41,2019.457,5402.828,13150.61,2009.766,5487.253,13169.37,2026.161,5511.388,13141.96,1950.336,5353.796,13267.59,1957.595,5418.215
13268.05,2011.312,5505.799,13160.4,2034.814,5490.087,13132.02,1964.109,5513.987,13184.16,2039.797,5361.193,13111.63,2032.027,5410.342,13228.61,2019.457,5402.861,13150.41,2009.766,5487.308,13169.4,2026.161,5511.593,13141.8,1950.336,5353.664,13267.77,1957.595,5418.112
13268.26,2011.312,5505.832,13160.37,2034.814,5490.293,13131.85,1964.109,5514.119,13184.24,2039.797,5361.001,13111.46,2032.027,5410.229,13228.82,2019.457,5402.899,13150.21,2009.766,5487.36,13169.44,2026.161,5511.797,13141.64,1950.336,5353.533,13267.95,1957.595,5418.012
13268.46,2011.312,5505.858,13160.34,2034.814,5490.5,13131.69,1964.109,5514.25,13184.33,2039.797,5360.81,13111.28,2032.027,5410.116,13229.02,2019.457,5402.941,13150.01,2009.766,5487.409,13169.48,2026.161,5512.001,13141.48,1950.336,5353.403,13268.13,1957.595,5417.915
13268.67,2011.312,5505.879,13160.31,2034.814,5490.707,13131.53,1964.109,5514.382,13184.41,2039.797,5360.618,13111.11,2032.027,5410.003,13229.23,2019.457,5402.988,13149.81,2009.766,5487.455,13169.53,2026.161,5512.204,13141.31,1950.336,5353.274,13268.32,1957.595,5417.82
13268.88,2011.312,5505.893,13160.29,2034.814,5490.914,13131.37,1964.109,5514.513,13184.49,2039.797,5360.427,13110.93,2032.027,5409.89,13229.43,2019.457,5403.038,13149.6,2009.766,5487.498,13169.58,2026.161,5512.406,13141.15,1950.336,5353.146,13268.5,1957.595,5417.728
13269.09,2011.312,5505.901,13160.27,2034.814,5491.121,13131.21,1964.109,5514.644,13184.57,2039.797,5360.235,13110.76,2032.027,5409.776,13229.63,2019.457,5403.092,13149.4,2009.766,5487.537,13169.64,2026.161,5512.606,13140.98,1950.336,5353.02,13268.69,1957.595,5417.639
13269.29,2011.312,5505.903,13160.26,2034.814,5491.329,13131.05,1964.109,5514.774,13184.65,2039.797,5360.044,13110.58,2032.027,5409.662,13229.83,2019.457,5403.151,13149.19,2009.766,5487.572,13169.7,2026.161,5512.805,13140.82,1950.336,5352.895,13268.88,1957.595,5417.552
13269.5,2011.312,5505.899,13160.24,2034.814,5491.536,13130.88,1964.109,5514.904,13184.74,2039.797,5359.854,13110.41,2032.027,5409.548,13230.03,2019.457,5403.213,13148.99,2009.766,5487.604,13169.77,2026.161,5513.002,13140.65,1950.336,5352.771,13269.07,1957.595,5417.468
13269.71,2011.312,5505.888,13160.23,2034.814,5491.744,13130.72,1964.109,5515.034,13184.82,2039.797,5359.663,13110.23,2032.027,5409.434,13230.23,2019.457,5403.28,13148.78,2009.766,5487.633,13169.84,2026.161,5513.198,13140.48,1950.336,5352.648,13269.26,1957.595,5417.387
13269.92,2011.312,5505.872,13160.22,2034.814,5491.952,13130.56,1964.109,5515.164,13184.9,2039.797,5359.47,13110.06,2032.027,5409.319,13230.42,2019.457,5403.35,13148.57,2009.766,5487.659,13169.92,2026.161,5513.392,13140.32,1950.336,5352.521,13269.46,1957.595,5417.309
13270.13,2011.312,5505.849,13160.22,2034.814,5492.16,13130.39,1964.109,5515.293,13184.97,2039.797,5359.276,13109.89,2032.027,5409.206,13230.62,2019.457,5403.424,13148.37,2009.766,5487.68,13170,2026.161,5513.584,13140.16,1950.336,5352.387,13269.65,1957.595,5417.232
13270.33,2011.312,5505.821,13160.21,2034.814,5492.368,13130.23,1964.109,5515.422,13185.04,2039.797,5359.08,13109.71,2032.027,5409.091,13230.81,2019.457,5403.501,13148.16,2009.766,5487.698,13170.08,2026.161,5513.775,13140,1950.336,5352.249,13269.85,1957.595,5417.159
13270.54,2011.312,5505.787,13160.21,2034.814,5492.576,13130.07,1964.109,5515.551,13185.11,2039.797,5358.883,13109.54,2032.027,5408.977,13231,2019.457,5403.583,13147.95,2009.766,5487.712,13170.17,2026.161,5513.964,13139.85,1950.336,5352.105,13270.04,1957.595,5417.088
13270.74,2011.312,5505.747,13160.21,2034.814,5492.784,13129.9,1964.109,5515.68,13185.18,2039.797,5358.685,13109.37,2032.027,5408.862,13231.19,2019.457,5403.668,13147.74,2009.766,5487.723,13170.26,2026.161,5514.151,13139.7,1950.336,5351.957,13270.24,1957.595,5417.02
13270.94,2011.312,5505.701,13160.22,2034.814,5492.992,13129.74,1964.109,5515.808,13185.24,2039.797,5358.486,13109.19,2032.027,5408.747,13231.38,2019.457,5403.757,13147.54,2009.766,5487.729,13170.35,2026.161,5514.336,13139.56,1950.336,5351.803,13270.44,1957.595,5416.954
13271.15,2011.312,5505.649,13160.22,2034.814,5493.2,13129.58,1964.109,5515.936,13185.29,2039.797,5358.286,13109.02,2032.027,5408.631,13231.57,2019.457,5403.849,13147.33,2009.766,5487.732,13170.45,2026.161,5514.52,13139.43,1950.336,5351.646,13270.63,1957.595,5416.891
13271.35,2011.312,5505.592,13160.23,2034.814,5493.408,13129.41,1964.109,5516.063,13185.35,2039.797,5358.084,13108.84,2032.027,5408.516,13231.75,2019.457,5403.945,13147.12,2009.766,5487.731,13170.56,2026.161,5514.702,13139.29,1950.336,5351.483,13270.83,1957.595,5416.83
13271.54,2011.312,5505.53,13160.25,2034.814,5493.616,13129.25,1964.109,5516.191,13185.4,2039.797,5357.883,13108.67,2032.027,5408.401,13231.93,2019.457,5404.044,13146.91,2009.766,5487.727,13170.66,2026.161,5514.881,13139.17,1950.336,5351.317,13271.03,1957.595,5416.771
13271.74,2011.312,5505.462,13160.26,2034.814,5493.824,13129.08,1964.109,5516.318,13185.45,2039.797,5357.681,13108.5,2032.027,5408.286,13232.12,2019.457,5404.146,13146.7,2009.766,5487.718,13170.77,2026.161,5515.059,13139.05,1950.336,5351.146,13271.23,1957.595,5416.714
13271.94,2011.312,5505.39,13160.28,2034.814,5494.031,13128.92,1964.109,5516.445,13185.5,2039.797,5357.478,13108.32,2032.027,5408.176,13232.29,2019.457,5404.252,13146.5,2009.766,5487.705,13170.88,2026.161,5515.235,13138.94,1950.336,5350.972,13271.43,1957.595,5416.66
13272.13,2011.312,5505.312,13160.3,2034.814,5494.239,13128.75,1964.109,5516.571,13185.54,2039.797,5357.275,13108.14,2032.027,5408.071,13232.47,2019.457,5404.362,13146.29,2009.766,5487.688,13171,2026.161,5515.409,13138.83,1950.336,5350.794,13271.64,1957.595,5416.607
13272.32,2011.312,5505.229,13160.32,2034.814,5494.446,13128.58,1964.109,5516.698,13185.59,2039.797,5357.071,13107.96,2032.027,5407.972,13232.65,2019.457,5404.474,13146.08,2009.766,5487.667,13171.11,2026.161,5515.581,13138.72,1950.336,5350.613,13271.84,1957.595,5416.558
13272.51,2011.312,5505.142,13160.34,2034.814,5494.653,13128.42,1964.109,5516.824,13185.63,2039.797,5356.867,13107.77,2032.027,5407.878,13232.82,2019.457,5404.59,13145.87,2009.766,5487.642,13171.23,2026.161,5515.75,13138.63,1950.336,5350.429,13272.04,1957.595,5416.51
13272.7,2011.312,5505.05,13160.37,2034.814,5494.86,13128.25,1964.109,5516.949,13185.67,2039.797,5356.663,13107.58,2032.027,5407.79,13232.99,2019.457,5404.708,13145.67,2009.766,5487.613,13171.36,2026.161,5515.919,13138.52,1950.336,5350.25,13272.24,1957.595,5416.464
13272.88,2011.312,5504.954,13160.39,2034.814,5495.066,13128.09,1964.109,5517.075,13185.71,2039.797,5356.458,13107.39,2032.027,5407.707,13233.16,2019.457,5404.83,13145.46,2009.766,5487.58,13171.48,2026.161,5516.085,13138.42,1950.336,5350.067,13272.45,1957.595,5416.421
13273.07,2011.312,5504.854,13160.42,2034.814,5495.273,13127.92,1964.109,5517.2,13185.74,2039.797,5356.253,13107.2,2032.027,5407.628,13233.33,2019.457,5404.955,13145.26,2009.766,5487.543,13171.61,2026.161,5516.25,13138.32,1950.336,5349.884,13272.65,1957.595,5416.379
13273.25,2011.312,5504.76,13160.45,2034.814,5495.479,13127.75,1964.109,5517.325,13185.78,2039.797,5356.048,13107,2032.027,5407.554,13233.49,2019.457,5405.082,13145.05,2009.766,5487.502,13171.74,2026.161,5516.413,13138.22,1950.336,5349.705,13272.86,1957.595,5416.34
13273.44,2011.312,5504.671,13160.48,2034.814,5495.685,13127.59,1964.109,5517.449,13185.81,2039.797,5355.843,13106.81,2032.027,5407.484,13233.66,2019.457,5405.212,13144.85,2009.766,5487.457,13171.87,2026.161,5516.575,13138.12,1950.336,5349.522,13273.06,1957.595,5416.302
13273.63,2011.312,5504.589,13160.51,2034.814,5495.891,13127.42,1964.109,5517.574,13185.85,2039.797,5355.637,13106.61,2032.027,5407.417,13233.82,2019.457,5405.345,13144.65,2009.766,5487.408,13172,2026.161,5516.734,13138.01,1950.336,5349.342,13273.27,1957.595,5416.267
13273.83,2011.312,5504.514,13160.55,2034.814,5496.096,13127.25,1964.109,5517.698,13185.88,2039.797,5355.432,13106.41,2032.027,5407.354,13233.97,2019.457,5405.481,13144.45,2009.766,5487.354,13172.14,2026.161,5516.893,13137.91,1950.336,5349.161,13273.47,1957.595,5416.232
13274.02,2011.312,5504.444,13160.58,2034.814,5496.301,13127.09,1964.109,5517.821,13185.92,2039.797,5355.226,13106.21,2032.027,5407.293,13234.13,2019.457,5405.619,13144.25,2009.766,5487.297,13172.28,2026.161,5517.049,13137.8,1950.336,5348.983,13273.68,1957.595,5416.2
13274.22,2011.312,5504.381,13160.62,2034.814,5496.505,13126.92,1964.109,5517.945,13185.95,2039.797,5355.021,13106.01,2032.027,5407.234,13234.28,2019.457,5405.76,13144.05,2009.766,5487.236,13172.41,2026.161,5517.205,13137.69,1950.336,5348.809,13273.88,1957.595,5416.17
13274.42,2011.312,5504.325,13160.66,2034.814,5496.709,13126.75,1964.109,5518.068,13185.98,2039.797,5354.815,13105.81,2032.027,5407.176,13234.43,2019.457,5405.903,13143.85,2009.766,5487.171,13172.55,2026.161,5517.358,13137.58,1950.336,5348.631,13274.09,1957.595,5416.141
13274.62,2011.312,5504.274,13160.71,2034.814,5496.913,13126.58,1964.109,5518.191,13186.01,2039.797,5354.609,13105.61,2032.027,5407.12,13234.58,2019.457,5406.049,13143.65,2009.766,5487.103,13172.7,2026.161,5517.511,13137.46,1950.336,5348.457,13274.3,1957.595,5416.114
13274.83,2011.312,5504.231,13160.75,2034.814,5497.117,13126.41,1964.109,5518.313,13186.04,2039.797,5354.403,13105.41,2032.027,5407.064,13234.73,2019.457,5406.197,13143.46,2009.766,5487.03,13172.84,2026.161,5517.662,13137.34,1950.336,5348.289,13274.5,1957.595,5416.089
13275.03,2011.312,5504.194,13160.8,2034.814,5497.32,13126.25,1964.109,5518.436,13186.08,2039.797,5354.197,13105.21,2032.027,5407.008,13234.87,2019.457,5406.348,13143.26,2009.766,5486.953,13172.98,2026.161,5517.812,13137.21,1950.336,5348.13,13274.71,1957.595,5416.065
13275.24,2011.312,5504.164,13160.85,2034.814,5497.522,13126.08,1964.109,5518.558,13186.11,2039.797,5353.991,13105.01,2032.027,5406.953,13235.01,2019.457,5406.5,13143.07,2009.766,5486.873,13173.13,2026.161,5517.96,13137.08,1950.336,5347.966,13274.92,1957.595,5416.042
13275.44,2011.312,5504.141,13160.9,2034.814,5497.725,13125.91,1964.109,5518.68,13186.14,2039.797,5353.785,13104.81,2032.027,5406.898,13235.15,2019.457,5406.655,13142.88,2009.766,5486.789,13173.28,2026.161,5518.107,13136.94,1950.336,5347.811,13275.12,1957.595,5416.021
13275.65,2011.312,5504.124,13160.95,2034.814,5497.926,13125.74,1964.109,5518.802,13186.17,2039.797,5353.579,13104.61,2032.027,5406.844,13235.29,2019.457,5406.813,13142.69,2009.766,5486.702,13173.43,2026.161,5518.253,13136.8,1950.336,5347.657,13275.33,1957.595,5416.002
13275.86,2011.312,5504.114,13161.01,2034.814,5498.127,13125.57,1964.109,5518.923,13186.2,2039.797,5353.373,13104.41,2032.027,5406.79,13235.42,2019.457,5406.972,13142.5,2009.766,5486.61,13173.58,2026.161,5518.398,13136.66,1950.336,5347.499,13275.54,1957.595,5415.984
13276.07,2011.312,5504.11,13161.06,2034.814,5498.327,13125.4,1964.109,5519.044,13186.23,2039.797,5353.167,13104.21,2032.027,5406.736,13235.56,2019.457,5407.133,13142.32,2009.766,5486.516,13173.73,2026.161,5518.542,13136.53,1950.336,5347.337,13275.75,1957.595,5415.967
13276.28,2011.312,5504.114,13161.12,2034.814,5498.527,13125.23,1964.109,5519.165,13186.26,2039.797,5352.961,13104,2032.027,5406.682,13235.69,2019.457,5407.296,13142.14,2009.766,5486.417,13173.88,2026.161,5518.686,13136.4,1950.336,5347.175,13275.95,1957.595,5415.952
13276.48,2011.312,5504.124,13161.18,2034.814,5498.726,13125.06,1964.109,5519.285,13186.29,2039.797,5352.755,13103.8,2032.027,5406.629,13235.81,2019.457,5407.461,13141.95,2009.766,5486.316,13174.03,2026.161,5518.828,13136.27,1950.336,5347.009,13276.16,1957.595,5415.938
13276.69,2011.312,5504.141,13161.25,2034.814,5498.924,13124.89,1964.109,5519.405,13186.32,2039.797,5352.549,13103.6,2032.027,5406.576,13235.94,2019.457,5407.628,13141.77,2009.766,5486.211,13174.18,2026.161,5518.969,13136.15,1950.336,5346.839,13276.37,1957.595,5415.924
13276.9,2011.312,5504.165,13161.31,2034.814,5499.122,13124.72,1964.109,5519.525,13186.35,2039.797,5352.343,13103.4,2032.027,5406.522,13236.06,2019.457,5407.796,13141.6,2009.766,5486.103,13174.34,2026.161,5519.109,13136.03,1950.336,5346.674,13276.58,1957.595,5415.913
13277.11,2011.312,5504.195,13161.38,2034.814,5499.319,13124.55,1964.109,5519.645,13186.38,2039.797,5352.137,13103.2,2032.027,5406.469,13236.18,2019.457,5407.967,13141.42,2009.766,5485.991,13174.49,2026.161,5519.248,13135.91,1950.336,5346.504,13276.79,1957.595,5415.902
13277.31,2011.312,5504.232,13161.45,2034.814,5499.515,13124.38,1964.109,5519.765,13186.41,2039.797,5351.931,13103,2032.027,5406.416,13236.3,2019.457,5408.139,13141.25,2009.766,5485.876,13174.65,2026.161,5519.386,13135.79,1950.336,5346.331,13276.99,1957.595,5415.892
13277.51,2011.312,5504.275,13161.52,2034.814,5499.71,13124.21,1964.109,5519.884,13186.44,2039.797,5351.725,13102.8,2032.027,5406.363,13236.41,2019.457,5408.313,13141.08,2009.766,5485.759,13174.8,2026.161,5519.524,13135.68,1950.336,5346.153,13277.2,1957.595,5415.883
13277.72,2011.312,5504.326,13161.6,2034.814,5499.905,13124.04,1964.109,5520.003,13186.47,2039.797,5351.518,13102.6,2032.027,5406.304,13236.53,2019.457,5408.488,13140.91,2009.766,5485.638,13174.96,2026.161,5519.661,13135.57,1950.336,5345.98,13277.41,1957.595,5415.876
13277.92,2011.312,5504.382,13161.67,2034.814,5500.099,13123.87,1964.109,5520.122,13186.48,2039.797,5351.31,13102.4,2032.027,5406.239,13236.64,2019.457,5408.665,13140.74,2009.766,5485.515,13175.12,2026.161,5519.796,13135.45,1950.336,5345.81,13277.62,1957.595,5415.87
13278.12,2011.312,5504.445,13161.75,2034.814,5500.292,13123.7,1964.109,5520.24,13186.5,2039.797,5351.102,13102.2,2032.027,5406.167,13236.74,2019.457,5408.843,13140.57,2009.766,5485.388,13175.28,2026.161,5519.932,13135.33,1950.336,5345.635,13277.83,1957.595,5415.864
13278.31,2011.312,5504.515,13161.83,2034.814,5500.483,13123.52,1964.109,5520.358,13186.5,2039.797,5350.894,13102.01,2032.027,5406.09,13236.85,2019.457,5409.022,13140.41,2009.766,5485.259,13175.44,2026.161,5520.066,13135.22,1950.336,5345.46,13278.03,1957.595,5415.859
13278.51,2011.312,5504.59,13161.92,2034.814,5500.674,13123.35,1964.109,5520.477,13186.5,2039.797,5350.686,13101.82,2032.027,5406.006,13236.95,2019.457,5409.204,13140.25,2009.766,5485.127,13175.6,2026.161,5520.2,13135.1,1950.336,5345.29,13278.24,1957.595,5415.855
13278.7,2011.312,5504.672,13162,2034.814,5500.864,13123.18,1964.109,5520.594,13186.49,2039.797,5350.478,13101.63,2032.027,5405.917,13237.05,2019.457,5409.386,13140.09,2009.766,5484.993,13175.76,2026.161,5520.333,13134.99,1950.336,5345.115,13278.45,1957.595,5415.852
13278.89,2011.312,5504.76,13162.09,2034.814,5501.053,13123.01,1964.109,5520.712,13186.48,2039.797,5350.27,13101.44,2032.027,5405.823,13237.15,2019.457,5409.57,13139.93,2009.766,5484.856,13175.92,2026.161,5520.465,13134.89,1950.336,5344.929,13278.66,1957.595,5415.85
13279.07,2011.312,5504.854,13162.18,2034.814,5501.241,13122.84,1964.109,5520.829,13186.46,2039.797,5350.062,13101.26,2032.027,5405.723,13237.25,2019.457,5409.755,13139.78,2009.766,5484.717,13176.08,2026.161,5520.597,13134.79,1950.336,5344.747,13278.87,1957.595,5415.848
13279.25,2011.312,5504.953,13162.27,2034.814,5501.428,13122.67,1964.109,5520.946,13186.43,2039.797,5349.855,13101.08,2032.027,5405.617,13237.34,2019.457,5409.941,13139.62,2009.766,5484.575,13176.24,2026.161,5520.729,13134.69,1950.336,5344.567,13279.07,1957.595,5415.847
13279.43,2011.312,5505.059,13162.36,2034.814,5501.614,13122.49,1964.109,5521.063,13186.4,2039.797,5349.649,13100.91,2032.027,5405.506,13237.43,2019.457,5410.128,13139.47,2009.766,5484.432,13176.4,2026.161,5520.859,13134.58,1950.336,5344.387,13279.28,1957.595,5415.847
13279.61,2011.312,5505.169,13162.46,2034.814,5501.799,13122.32,1964.109,5521.18,13186.36,2039.797,5349.445,13100.73,2032.027,5405.39,13237.52,2019.457,5410.316,13139.33,2009.766,5484.286,13176.56,2026.161,5520.99,13134.47,1950.336,5344.209,13279.49,1957.595,5415.848
13279.78,2011.312,5505.286,13162.56,2034.814,5501.982,13122.15,1964.109,5521.296,13186.32,2039.797,5349.241,13100.56,2032.027,5405.269,13237.61,2019.457,5410.506,13139.18,2009.766,5484.138,13176.73,2026.161,5521.119,13134.36,1950.336,5344.036,13279.7,1957.595,5415.849
13279.95,2011.312,5505.407,13162.66,2034.814,5502.165,13121.97,1964.109,5521.412,13186.27,2039.797,5349.039,13100.4,2032.027,5405.143,13237.69,2019.457,5410.696,13139.03,2009.766,5483.988,13176.89,2026.161,5521.248,13134.24,1950.336,5343.862,13279.91,1957.595,5415.85
13280.12,2011.312,5505.534,13162.76,2034.814,5502.346,13121.8,1964.109,5521.528,13186.21,2039.797,5348.838,13100.24,2032.027,5405.012,13237.77,2019.457,5410.888,13138.89,2009.766,5483.836,13177.05,2026.161,5521.376,13134.13,1950.336,5343.684,13280.11,1957.595,5415.852
13280.28,2011.312,5505.666,13162.87,2034.814,5502.525,13121.63,1964.109,5521.644,13186.15,2039.797,5348.639,13100.08,2032.027,5404.876,13237.85,2019.457,5411.08,13138.75,2009.766,5483.683,13177.22,2026.161,5521.504,13134.03,1950.336,5343.501,13280.32,1957.595,5415.854
13280.44,2011.312,5505.802,13162.97,2034.814,5502.704,13121.45,1964.109,5521.759,13186.08,2039.797,5348.442,13099.92,2032.027,5404.737,13237.93,2019.457,5411.273,13138.61,2009.766,5483.527,13177.38,2026.161,5521.632,13133.93,1950.336,5343.321,13280.53,1957.595,5415.857
13280.59,2011.312,5505.943,13163.08,2034.814,5502.881,13121.28,1964.109,5521.874,13186.01,2039.797,5348.247,13099.77,2032.027,5404.593,13238.01,2019.457,5411.467,13138.48,2009.766,5483.371,13177.55,2026.161,5521.759,13133.83,1950.336,5343.135,13280.74,1957.595,5415.861
13280.74,2011.312,5506.088,13163.2,2034.814,5503.057,13121.11,1964.109,5521.989,13185.94,2039.797,5348.053,13099.63,2032.027,5404.446,13238.08,2019.457,5411.662,13138.34,2009.766,5483.212,13177.71,2026.161,5521.886,13133.75,1950.336,5342.944,13280.95,1957.595,5415.865
13280.88,2011.312,5506.238,13163.31,2034.814,5503.232,13120.93,1964.109,5522.104,13185.85,2039.797,5347.862,13099.48,2032.027,5404.294,13238.15,2019.457,5411.858,13138.21,2009.766,5483.053,13177.88,2026.161,5522.013,13133.66,1950.336,5342.756,13281.15,1957.595,5415.869
13281.03,2011.312,5506.391,13163.42,2034.814,5503.405,13120.76,1964.109,5522.218,13185.77,2039.797,5347.672,13099.34,2032.027,5404.14,13238.22,2019.457,5412.054,13138.07,2009.766,5482.892,13178.04,2026.161,5522.139,13133.57,1950.336,5342.571,13281.36,1957.595,5415.874
13281.16,2011.312,5506.547,13163.54,2034.814,5503.577,13120.58,1964.109,5522.332,13185.68,2039.797,5347.485,13099.21,2032.027,5403.981,13238.29,2019.457,5412.251,13137.94,2009.766,5482.729,13178.21,2026.161,5522.264,13133.48,1950.336,5342.381,13281.57,1957.595,5415.878
13281.3,2011.312,5506.706,13163.66,2034.814,5503.748,13120.41,1964.109,5522.446,13185.58,2039.797,5347.3,13099.07,2032.027,5403.82,13238.35,2019.457,5412.449,13137.81,2009.766,5482.566,13178.37,2026.161,5522.389,13133.39,1950.336,5342.193,13281.78,1957.595,5415.884
13281.44,2011.312,5506.863,13163.78,2034.814,5503.917,13120.24,1964.109,5522.56,13185.48,2039.797,5347.117,13098.95,2032.027,5403.656,13238.42,2019.457,5412.647,13137.69,2009.766,5482.401,13178.54,2026.161,5522.514,13133.29,1950.336,5342.009,13281.99,1957.595,5415.889
13281.57,2011.312,5507.022,13163.91,2034.814,5504.084,13120.06,1964.109,5522.673,13185.38,2039.797,5346.936,13098.82,2032.027,5403.49,13238.48,2019.457,5412.847,13137.56,2009.766,5482.236,13178.71,2026.161,5522.639,13133.19,1950.336,5341.828,13282.19,1957.595,5415.895
13281.7,2011.312,5507.185,13164.03,2034.814,5504.25,13119.89,1964.109,5522.787,13185.27,2039.797,5346.756,13098.7,2032.027,5403.321,13238.54,2019.457,5413.046,13137.44,2009.766,5482.069,13178.88,2026.161,5522.763,13133.08,1950.336,5341.65,13282.4,1957.595,5415.901
13281.83,2011.312,5507.346,13164.16,2034.814,5504.415,13119.71,1964.109,5522.9,13185.17,2039.797,5346.579,13098.58,2032.027,5403.15,13238.59,2019.457,5413.247,13137.31,2009.766,5481.902,13179.04,2026.161,5522.886,13132.97,1950.336,5341.476,13282.61,1957.595,5415.907
13281.96,2011.312,5507.51,13164.29,2034.814,5504.578,13119.54,1964.109,5523.013,13185.05,2039.797,5346.403,13098.46,2032.027,5402.977,13238.65,2019.457,5413.447,13137.19,2009.766,5481.733,13179.21,2026.161,5523.01,13132.84,1950.336,5341.308,13282.82,1957.595,5415.913
13282.09,2011.312,5507.673,13164.42,2034.814,5504.739,13119.36,1964.109,5523.125,13184.94,2039.797,5346.229,13098.35,2032.027,5402.802,13238.7,2019.457,5413.648,13137.07,2009.766,5481.564,13179.38,2026.161,5523.133,13132.73,1950.336,5341.136,13283.03,1957.595,5415.919
13282.22,2011.312,5507.838,13164.56,2034.814,5504.898,13119.19,1964.109,5523.238,13184.82,2039.797,5346.056,13098.24,2032.027,5402.626,13238.76,2019.457,5413.85,13136.95,2009.766,5481.394,13179.55,2026.161,5523.256,13132.61,1950.336,5340.96,13283.23,1957.595,5415.926
13282.34,2011.312,5508.005,13164.69,2034.814,5505.057,13119.01,1964.109,5523.35,13184.71,2039.797,5345.884,13098.13,2032.027,5402.448,13238.81,2019.457,5414.052,13136.83,2009.766,5481.223,13179.71,2026.161,5523.378,13132.51,1950.336,5340.778,13283.44,1957.595,5415.932
13282.46,2011.312,5508.174,13164.83,2034.814,5505.213,13118.84,1964.109,5523.462,13184.59,2039.797,5345.713,13098.03,2032.027,5402.27,13238.85,2019.457,5414.255,13136.71,2009.766,5481.052,13179.88,2026.161,5523.5,13132.41,1950.336,5340.599,13283.65,1957.595,5415.939
13282.58,2011.312,5508.344,13164.97,2034.814,5505.368,13118.66,1964.109,5523.574,13184.47,2039.797,5345.544,13097.92,2032.027,5402.089,13238.9,2019.457,5414.458,13136.59,2009.766,5480.879,13180.05,2026.161,5523.623,13132.29,1950.336,5340.424,13283.86,1957.595,5415.946
13282.7,2011.312,5508.515,13165.11,2034.814,5505.521,13118.48,1964.109,5523.686,13184.34,2039.797,5345.375,13097.82,2032.027,5401.909,13238.95,2019.457,5414.661,13136.48,2009.766,5480.707,13180.22,2026.161,5523.744,13132.18,1950.336,5340.252,13284.07,1957.595,5415.953
13282.82,2011.312,5508.686,13165.25,2034.814,5505.672,13118.31,1964.109,5523.797,13184.22,2039.797,5345.207,13097.72,2032.027,5401.727,13238.99,2019.457,5414.865,13136.36,2009.766,5480.533,13180.39,2026.161,5523.866,13132.06,1950.336,5340.081,13284.27,1957.595,5415.959
13282.94,2011.312,5508.858,13165.4,2034.814,5505.821,13118.13,1964.109,5523.908,13184.1,2039.797,5345.04,13097.62,2032.027,5401.545,13239.03,2019.457,5415.069,13136.25,2009.766,5480.359,13180.56,2026.161,5523.987,13131.95,1950.336,5339.906,13284.48,1957.595,5415.966
13283.05,2011.312,5509.031,13165.55,2034.814,5505.969,13117.96,1964.109,5524.019,13183.97,2039.797,5344.873,13097.52,2032.027,5401.362,13239.07,2019.457,5415.273,13136.13,2009.766,5480.185,13180.73,2026.161,5524.108,13131.84,1950.336,5339.727,13284.69,1957.595,5415.972
13283.17,2011.312,5509.204,13165.69,2034.814,5506.115,13117.78,1964.109,5524.13,13183.85,2039.797,5344.706,13097.42,2032.027,5401.178,13239.11,2019.457,5415.478,13136.02,2009.766,5480.01,13180.9,2026.161,5524.229,13131.72,1950.336,5339.552,13284.9,1957.595,5415.979
13283.28,2011.312,5509.377,13165.84,2034.814,5506.259,13117.6,1964.109,5524.24,13183.72,2039.797,5344.54,13097.32,2032.027,5400.994,13239.15,2019.457,5415.683,13135.91,2009.766,5479.835,13181.07,2026.161,5524.349,13131.62,1950.336,5339.373,13285.11,1957.595,5415.985
13283.4,2011.312,5509.551,13166,2034.814,5506.402,13117.43,1964.109,5524.351,13183.6,2039.797,5344.374,13097.22,2032.027,5400.81,13239.18,2019.457,5415.888,13135.8,2009.766,5479.659,13181.24,2026.161,5524.469,13131.52,1950.336,5339.189,13285.31,1957.595,5415.991
13283.51,2011.312,5509.725,13166.15,2034.814,5506.542,13117.25,1964.109,5524.461,13183.47,2039.797,5344.208,13097.13,2032.027,5400.625,13239.22,2019.457,5416.093,13135.69,2009.766,5479.483,13181.41,2026.161,5524.589,13131.42,1950.336,5339.008,13285.52,1957.595,5415.997
13283.62,2011.312,5509.902,13166.31,2034.814,5506.681,13117.07,1964.109,5524.571,13183.34,2039.797,5344.043,13097.03,2032.027,5400.44,13239.25,2019.457,5416.299,13135.58,2009.766,5479.307,13181.58,2026.161,5524.709,13131.31,1950.336,5338.83,13285.73,1957.595,5416.003
13283.73,2011.312,5510.081,13166.46,2034.814,5506.818,13116.9,1964.109,5524.681,13183.22,2039.797,5343.877,13096.94,2032.027,5400.255,13239.28,2019.457,5416.505,13135.47,2009.766,5479.13,13181.75,2026.161,5524.829,13131.21,1950.336,5338.644,13285.94,1957.595,5416.009
13283.83,2011.312,5510.263,13166.62,2034.814,5506.953,13116.72,1964.109,5524.79,13183.09,2039.797,5343.712,13096.84,2032.027,5400.069,13239.31,2019.457,5416.711,13135.36,2009.766,5478.953,13181.92,2026.161,5524.949,13131.11,1950.336,5338.46,13286.15,1957.595,5416.014
13283.93,2011.312,5510.447,13166.78,2034.814,5507.086,13116.54,1964.109,5524.899,13182.96,2039.797,5343.547,13096.75,2032.027,5399.884,13239.34,2019.457,5416.917,13135.25,2009.766,5478.775,13182.09,2026.161,5525.068,13131.01,1950.336,5338.281,13286.35,1957.595,5416.02
13284.02,2011.312,5510.633,13166.94,2034.814,5507.217,13116.37,1964.109,5525.009,13182.84,2039.797,5343.382,13096.65,2032.027,5399.698,13239.37,2019.457,5417.124,13135.14,2009.766,5478.598,13182.26,2026.161,5525.188,13130.9,1950.336,5338.104,13286.56,1957.595,5416.024
13284.11,2011.312,5510.822,13167.11,2034.814,5507.347,13116.19,1964.109,5525.118,13182.71,2039.797,5343.217,13096.56,2032.027,5399.512,13239.4,2019.457,5417.33,13135.03,2009.766,5478.42,13182.43,2026.161,5525.307,13130.79,1950.336,5337.925,13286.77,1957.595,5416.029
13284.2,2011.312,5511.012,13167.27,2034.814,5507.474,13116.01,1964.109,5525.227,13182.58,2039.797,5343.052,13096.47,2032.027,5399.326,13239.42,2019.457,5417.537,13134.92,2009.766,5478.242,13182.6,2026.161,5525.426,13130.71,1950.336,5337.735,13286.98,1957.595,5416.034
13284.28,2011.312,5511.205,13167.44,2034.814,5507.6,13115.83,1964.109,5525.335,13182.46,2039.797,5342.886,13096.38,2032.027,5399.139,13239.44,2019.457,5417.744,13134.82,2009.766,5478.063,13182.77,2026.161,5525.545,13130.61,1950.336,5337.548,13287.19,1957.595,5416.038
13284.35,2011.312,5511.398,13167.61,2034.814,5507.723,13115.65,1964.109,5525.443,13182.33,2039.797,5342.721,13096.28,2032.027,5398.953,13239.47,2019.457,5417.951,13134.71,2009.766,5477.885,13182.94,2026.161,5525.664,13130.51,1950.336,5337.364,13287.39,1957.595,5416.042
13284.42,2011.312,5511.594,13167.77,2034.814,5507.845,13115.48,1964.109,5525.552,13182.2,2039.797,5342.555,13096.19,2032.027,5398.766,13239.49,2019.457,5418.158,13134.6,2009.766,5477.706,13183.12,2026.161,5525.782,13130.41,1950.336,5337.184,13287.6,1957.595,5416.046
13284.49,2011.312,5511.792,13167.95,2034.814,5507.964,13115.3,1964.109,5525.66,13182.08,2039.797,5342.39,13096.1,2032.027,5398.58,13239.51,2019.457,5418.365,13134.5,2009.766,5477.527,13183.29,2026.161,5525.901,13130.32,1950.336,5336.996,13287.81,1957.595,5416.049
13284.55,2011.312,5511.99,13168.12,2034.814,5508.081,13115.12,1964.109,5525.768,13181.95,2039.797,5342.224,13096,2032.027,5398.393,13239.52,2019.457,5418.573,13134.39,2009.766,5477.348,13183.46,2026.161,5526.02,13130.22,1950.336,5336.811,13288.02,1957.595,5416.052
13284.61,2011.312,5512.19,13168.29,2034.814,5508.196,13114.94,1964.109,5525.875,13181.83,2039.797,5342.059,13095.91,2032.027,5398.206,13239.54,2019.457,5418.78,13134.28,2009.766,5477.169,13183.63,2026.161,5526.138,13130.13,1950.336,5336.624,13288.23,1957.595,5416.055
13284.67,2011.312,5512.391,13168.47,2034.814,5508.31,13114.76,1964.109,5525.982,13181.7,2039.797,5341.893,13095.82,2032.027,5398.019,13239.56,2019.457,5418.988,13134.18,2009.766,5476.989,13183.8,2026.161,5526.256,13130.03,1950.336,5336.44,13288.43,1957.595,5416.057
13284.72,2011.312,5512.593,13168.64,2034.814,5508.421,13114.58,1964.109,5526.09,13181.57,2039.797,5341.727,13095.73,2032.027,5397.832,13239.57,2019.457,5419.195,13134.07,2009.766,5476.81,13183.97,2026.161,5526.374,13129.93,1950.336,5336.26,13288.64,1957.595,5416.059
13284.76,2011.312,5512.796,13168.82,2034.814,5508.53,13114.41,1964.109,5526.197,13181.45,2039.797,5341.561,13095.64,2032.027,5397.645,13239.59,2019.457,5419.403,13133.97,2009.766,5476.63,13184.14,2026.161,5526.492,13129.84,1950.336,5336.071,13288.85,1957.595,5416.061
13284.81,2011.312,5513,13169,2034.814,5508.637,13114.23,1964.109,5526.304,13181.32,2039.797,5341.395,13095.55,2032.027,5397.458,13239.6,2019.457,5419.611,13133.86,2009.766,5476.45,13184.31,2026.161,5526.61,13129.75,1950.336,5335.885,13289.06,1957.595,5416.062
13284.84,2011.312,5513.204,13169.18,2034.814,5508.742,13114.05,1964.109,5526.41,13181.2,2039.797,5341.228,13095.45,2032.027,5397.271,13239.61,2019.457,5419.819,13133.76,2009.766,5476.27,13184.49,2026.161,5526.729,13129.65,1950.336,5335.702,13289.27,1957.595,5416.062
13284.88,2011.312,5513.409,13169.36,2034.814,5508.845,13113.87,1964.109,5526.517,13181.07,2039.797,5341.066,13095.36,2032.027,5397.084,13239.62,2019.457,5420.027,13133.65,2009.766,5476.09,13184.66,2026.161,5526.847,13129.57,1950.336,5335.51,13289.47,1957.595,5416.063
13284.91,2011.312,5513.615,13169.54,2034.814,5508.946,13113.69,1964.109,5526.623,13180.94,2039.797,5340.897,13095.27,2032.027,5396.897,13239.62,2019.457,5420.235,13133.55,2009.766,5475.91,13184.83,2026.161,5526.965,13129.48,1950.336,5335.32,13289.68,1957.595,5416.063
13284.94,2011.312,5513.821,13169.72,2034.814,5509.045,13113.51,1964.109,5526.729,13180.82,2039.797,5340.73,13095.18,2032.027,5396.71,13239.62,2019.457,5420.443,13133.44,2009.766,5475.729,13185,2026.161,5527.083,13129.39,1950.336,5335.133,13289.89,1957.595,5416.062
13284.97,2011.312,5514.028,13169.91,2034.814,5509.142,13113.33,1964.109,5526.835,13180.69,2039.797,5340.566,13095.09,2032.027,5396.523,13239.62,2019.457,5420.651,13133.34,2009.766,5475.549,13185.17,2026.161,5527.201,13129.3,1950.336,5334.944,13290.1,1957.595,5416.061
13284.99,2011.312,5514.235,13170.09,2034.814,5509.236,13113.15,1964.109,5526.941,13180.56,2039.797,5340.407,13095,2032.027,5396.336,13239.61,2019.457,5420.859,13133.24,2009.766,5475.368,13185.35,2026.161,5527.319,13129.21,1950.336,5334.759,13290.31,1957.595,5416.06
13285.01,2011.312,5514.545,13170.37,2034.814,5509.374,13112.89,1964.109,5527.098,13180.35,2039.797,5340.177,13094.86,2032.027,5396.057,13239.59,2019.457,5421.169,13133.08,2009.766,5475.099,13185.6,2026.161,5527.495,13129.06,1950.336,5334.487,13290.62,1957.595,5416.057
13285.03,2011.312,5514.814,13170.62,2034.814,5509.491,13112.65,1964.109,5527.235,13180.16,2039.797,5339.982,13094.74,2032.027,5395.814,13239.56,2019.457,5421.438,13132.95,2009.766,5474.865,13185.82,2026.161,5527.647,13128.93,1950.336,5334.247,13290.89,1957.595,5416.053
13285.03,2011.312,5515.022,13170.8,2034.814,5509.58,13112.47,1964.109,5527.34,13180.01,2039.797,5339.836,13094.65,2032.027,5395.627,13239.54,2019.457,5421.645,13132.85,2009.766,5474.685,13186,2026.161,5527.765,13128.83,1950.336,5334.065,13291.09,1957.595,5416.05
13285.04,2011.312,5515.705,13171.43,2034.814,5509.862,13111.88,1964.109,5527.685,13179.51,2039.797,5339.373,13094.36,2032.027,5395.013,13239.45,2019.457,5422.322,13132.51,2009.766,5474.091,13186.56,2026.161,5528.152,13128.48,1950.336,5333.479,13291.78,1957.595,5416.039
13285.04,2011.312,5515.914,13171.62,2034.814,5509.946,13111.7,1964.109,5527.79,13179.35,2039.797,5339.236,13094.26,2032.027,5394.825,13239.42,2019.457,5422.528,13132.4,2009.766,5473.91,13186.73,2026.161,5528.27,13128.37,1950.336,5333.303,13291.99,1957.595,5416.034
13285.02,2011.312,5516.678,13172.32,2034.814,5510.246,13111.04,1964.109,5528.175,13178.76,2039.797,5338.755,13093.93,2032.027,5394.137,13239.29,2019.457,5423.281,13132.03,2009.766,5473.246,13187.36,2026.161,5528.703,13127.93,1950.336,5332.674,13292.75,1957.595,5416.017
13285.03,2011.312,5517.094,13172.7,2034.814,5510.405,13110.68,1964.109,5528.384,13178.43,2039.797,5338.504,13093.75,2032.027,5393.763,13239.21,2019.457,5423.689,13131.82,2009.766,5472.884,13187.7,2026.161,5528.947,13127.69,1950.336,5332.336,13293.17,1957.595,5416.006
13285.05,2011.312,5517.71,13173.28,2034.814,5510.634,13110.15,1964.109,5528.693,13177.92,2039.797,5338.149,13093.48,2032.027,5393.208,13239.08,2019.457,5424.292,13131.52,2009.766,5472.348,13188.19,2026.161,5529.319,13127.32,1950.336,5331.847,13293.78,1957.595,5415.988
13285.08,2011.312,5518.165,13173.7,2034.814,5510.798,13109.76,1964.109,5528.921,13177.57,2039.797,5337.86,13093.28,2032.027,5392.798,13238.98,2019.457,5424.735,13131.29,2009.766,5471.952,13188.54,2026.161,5529.603,13127.03,1950.336,5331.494,13294.24,1957.595,5415.973
13285.2,2011.312,5519.291,13174.76,2034.814,5511.194,13108.78,1964.109,5529.495,13176.71,2039.797,5337.119,13092.79,2032.027,5391.78,13238.69,2019.457,5425.831,13130.74,2009.766,5470.966,13189.41,2026.161,5530.335,13126.27,1950.336,5330.653,13295.37,1957.595,5415.931
13285.28,2011.312,5519.943,13175.38,2034.814,5511.417,13108.22,1964.109,5529.833,13176.23,2039.797,5336.675,13092.51,2032.027,5391.187,13238.51,2019.457,5426.464,13130.41,2009.766,5470.393,13189.89,2026.161,5530.778,13125.83,1950.336,5330.168,13296.02,1957.595,5415.904
13285.44,2011.312,5520.89,13176.29,2034.814,5511.732,13107.4,1964.109,5530.333,13175.54,2039.797,5336.008,13092.09,2032.027,5390.322,13238.23,2019.457,5427.382,13129.94,2009.766,5469.555,13190.58,2026.161,5531.446,13125.2,1950.336,5329.439,13296.98,1957.595,5415.861
13285.57,2011.312,5521.521,13176.9,2034.814,5511.938,13106.86,1964.109,5530.681,13175.09,2039.797,5335.547,13091.79,2032.027,5389.752,13238.03,2019.457,5427.993,13129.63,2009.766,5468.994,13191.03,2026.161,5531.908,13124.78,1950.336,5328.954,13297.63,1957.595,5415.829
13285.78,2011.312,5522.405,13177.76,2034.814,5512.221,13106.1,1964.109,5531.187,13174.48,2039.797,5334.875,13091.34,2032.027,5388.961,13237.73,2019.457,5428.85,13129.19,2009.766,5468.201,13191.64,2026.161,5532.582,13124.17,1950.336,5328.279,13298.53,1957.595,5415.78
13286.08,2011.312,5523.54,13178.88,2034.814,5512.578,13105.14,1964.109,5531.862,13173.71,2039.797,5333.98,13090.73,2032.027,5387.956,13237.32,2019.457,5429.95,13128.62,2009.766,5467.173,13192.4,2026.161,5533.479,13123.36,1950.336,5327.421,13299.71,1957.595,5415.71
13286.3,2011.312,5524.232,13179.57,2034.814,5512.791,13104.56,1964.109,5532.291,13173.26,2039.797,5333.414,13090.34,2032.027,5387.35,13237.05,2019.457,5430.622,13128.27,2009.766,5466.54,13192.85,2026.161,5534.046,13122.89,1950.336,5326.876,13300.43,1957.595,5415.663
13286.45,2011.312,5524.691,13180.04,2034.814,5512.928,13104.17,1964.109,5532.586,13172.97,2039.797,5333.025,13090.06,2032.027,5386.952,13236.86,2019.457,5431.067,13128.03,2009.766,5466.116,13193.14,2026.161,5534.436,13122.55,1950.336,5326.526,13300.91,1957.595,5415.629
13286.87,2011.312,5525.8,13181.17,2034.814,5513.253,13103.25,1964.109,5533.328,13172.3,2039.797,5332.052,13089.35,2032.027,5386.003,13236.37,2019.457,5432.147,13127.46,2009.766,5465.078,13193.81,2026.161,5535.411,13121.76,1950.336,5325.642,13302.09,1957.595,5415.539
13287.14,2011.312,5526.445,13181.84,2034.814,5513.458,13102.71,1964.109,5533.776,13171.92,2039.797,5331.466,13088.92,2032.027,5385.458,13236.07,2019.457,5432.777,13127.13,2009.766,5464.465,13194.19,2026.161,5535.998,13121.31,1950.336,5325.107,13302.79,1957.595,5415.481
13287.5,2011.312,5527.235,13182.67,2034.814,5513.731,13102.06,1964.109,5534.347,13171.47,2039.797,5330.723,13088.35,2032.027,5384.797,13235.68,2019.457,5433.553,13126.71,2009.766,5463.703,13194.64,2026.161,5536.742,13120.71,1950.336,5324.482,13303.65,1957.595,5415.404
13287.68,2011.312,5527.618,13183.07,2034.814,5513.874,13101.75,1964.109,5534.633,13171.26,2039.797,5330.351,13088.07,2032.027,5384.482,13235.48,2019.457,5433.929,13126.52,2009.766,5463.322,13194.84,2026.161,5537.115,13120.42,1950.336,5324.167,13304.08,1957.595,5415.364
13288.18,2011.312,5528.541,13184.04,2034.814,5514.245,13100.99,1964.109,5535.353,13170.78,2039.797,5329.422,13087.34,2032.027,5383.731,13234.97,2019.457,5434.842,13126.09,2009.766,5462.372,13195.32,2026.161,5538.045,13119.75,1950.336,5323.368,13305.12,1957.595,5415.258
13288.48,2011.312,5529.074,13184.61,2034.814,5514.475,13100.55,1964.109,5535.785,13170.52,2039.797,5328.867,13086.89,2032.027,5383.304,13234.66,2019.457,5435.372,13125.85,2009.766,5461.806,13195.59,2026.161,5538.601,13119.33,1950.336,5322.915,13305.73,1957.595,5415.192
13288.79,2011.312,5529.572,13185.15,2034.814,5514.705,13100.14,1964.109,5536.205,13170.25,2039.797,5328.346,13086.48,2032.027,5382.885,13234.35,2019.457,5435.87,13125.64,2009.766,5461.259,13195.82,2026.161,5539.138,13118.93,1950.336,5322.492,13306.31,1957.595,5415.126
13289.33,2011.312,5530.378,13186.04,2034.814,5515.104,13099.48,1964.109,5536.911,13169.77,2039.797,5327.501,13085.82,2032.027,5382.178,13233.82,2019.457,5436.68,13125.32,2009.766,5460.345,13196.18,2026.161,5540.038,13118.28,1950.336,5321.772,13307.27,1957.595,5415.01
13289.58,2011.312,5530.725,13186.43,2034.814,5515.273,13099.19,1964.109,5537.223,13169.55,2039.797,5327.137,13085.54,2032.027,5381.857,13233.6,2019.457,5437.043,13125.17,2009.766,5459.947,13196.34,2026.161,5540.433,13118,1950.336,5321.446,13307.69,1957.595,5414.973
13289.95,2011.312,5531.22,13187,2034.814,5515.51,13098.77,1964.109,5537.681,13169.21,2039.797,5326.616,13085.15,2032.027,5381.375,13233.29,2019.457,5437.584,13124.93,2009.766,5459.372,13196.57,2026.161,5541.01,13117.58,1950.336,5320.991,13308.31,1957.595,5414.938
13290.48,2011.312,5531.868,13187.78,2034.814,5515.814,13098.21,1964.109,5538.298,13168.74,2039.797,5325.931,13084.64,2032.027,5380.712,13232.9,2019.457,5438.324,13124.59,2009.766,5458.609,13196.87,2026.161,5541.786,13117.03,1950.336,5320.362,13309.15,1957.595,5414.92
13290.84,2011.312,5532.282,13188.29,2034.814,5516.004,13097.84,1964.109,5538.705,13168.41,2039.797,5325.492,13084.33,2032.027,5380.266,13232.67,2019.457,5438.818,13124.36,2009.766,5458.114,13197.07,2026.161,5542.296,13116.65,1950.336,5319.973,13309.7,1957.595,5414.926
13290.98,2011.312,5532.435,13188.49,2034.814,5516.073,13097.7,1964.109,5538.86,13168.28,2039.797,5325.329,13084.19,2032.027,5380.111,13232.58,2019.457,5439.008,13124.26,2009.766,5457.929,13197.15,2026.161,5542.491,13116.5,1950.336,5319.821,13309.91,1957.595,5414.935
13291.52,2011.312,5532.981,13189.21,2034.814,5516.341,13097.2,1964.109,5539.434,13167.78,2039.797,5324.746,13083.7,2032.027,5379.522,13232.28,2019.457,5439.715,13123.9,2009.766,5457.254,13197.42,2026.161,5543.208,13115.94,1950.336,5319.3,13310.67,1957.595,5414.993
13291.9,2011.312,5533.348,13189.7,2034.814,5516.534,13096.84,1964.109,5539.834,13167.42,2039.797,5324.352,13083.37,2032.027,5379.103,13232.08,2019.457,5440.208,13123.66,2009.766,5456.778,13197.6,2026.161,5543.707,13115.56,1950.336,5318.926,13311.2,1957.595,5415.05
13292.29,2011.312,5533.69,13190.18,2034.814,5516.727,13096.51,1964.109,5540.222,13167.07,2039.797,5323.981,13083.06,2032.027,5378.693,13231.9,2019.457,5440.688,13123.43,2009.766,5456.319,13197.78,2026.161,5544.188,13115.21,1950.336,5318.554,13311.71,1957.595,5415.123
13292.67,2011.312,5534.012,13190.64,2034.814,5516.92,13096.19,1964.109,5540.6,13166.69,2039.797,5323.661,13082.77,2032.027,5378.289,13231.74,2019.457,5441.157,13123.21,2009.766,5455.873,13197.94,2026.161,5544.658,13114.88,1950.336,5318.181,13312.2,1957.595,5415.209
13293.04,2011.312,5534.314,13191.08,2034.814,5517.114,13095.87,1964.109,5540.97,13166.33,2039.797,5323.338,13082.49,2032.027,5377.893,13231.58,2019.457,5441.616,13123,2009.766,5455.439,13198.1,2026.161,5545.115,13114.55,1950.336,5317.828,13312.67,1957.595,5415.309
13293.42,2011.312,5534.598,13191.51,2034.814,5517.308,13095.57,1964.109,5541.33,13165.99,2039.797,5323.014,13082.23,2032.027,5377.504,13231.44,2019.457,5442.064,13122.79,2009.766,5455.018,13198.25,2026.161,5545.56,13114.24,1950.336,5317.476,13313.13,1957.595,5415.42
13293.94,2011.312,5534.993,13192.1,2034.814,5517.589,13095.16,1964.109,5541.838,13165.53,2039.797,5322.544,13081.87,2032.027,5376.955,13231.26,2019.457,5442.696,13122.5,2009.766,5454.426,13198.45,2026.161,5546.186,13113.82,1950.336,5316.967,13313.76,1957.595,5415.597
13294.4,2011.312,5535.339,13192.62,2034.814,5517.841,13094.79,1964.109,5542.275,13165.13,2039.797,5322.131,13081.56,2032.027,5376.473,13231.12,2019.457,5443.251,13122.26,2009.766,5453.909,13198.62,2026.161,5546.732,13113.44,1950.336,5316.542,13314.31,1957.595,5415.769
13294.57,2011.312,5535.462,13192.8,2034.814,5517.935,13094.65,1964.109,5542.433,13164.98,2039.797,5321.985,13081.45,2032.027,5376.297,13231.08,2019.457,5443.454,13122.17,2009.766,5453.721,13198.68,2026.161,5546.931,13113.3,1950.336,5316.383,13314.5,1957.595,5415.837
13294.88,2011.312,5535.704,13193.15,2034.814,5518.119,13094.39,1964.109,5542.727,13164.71,2039.797,5321.699,13081.24,2032.027,5375.961,13231,2019.457,5443.84,13122,2009.766,5453.364,13198.79,2026.161,5547.31,13113.06,1950.336,5316.073,13314.87,1957.595,5415.98
13295.29,2011.312,5536.039,13193.61,2034.814,5518.372,13094.03,1964.109,5543.116,13164.36,2039.797,5321.303,13080.97,2032.027,5375.508,13230.91,2019.457,5444.361,13121.78,2009.766,5452.883,13198.93,2026.161,5547.819,13112.68,1950.336,5315.7,13315.36,1957.595,5416.188
13295.48,2011.312,5536.208,13193.84,2034.814,5518.5,13093.85,1964.109,5543.304,13164.17,2039.797,5321.131,13080.84,2032.027,5375.285,13230.87,2019.457,5444.617,13121.67,2009.766,5452.647,13199,2026.161,5548.069,13112.5,1950.336,5315.512,13315.59,1957.595,5416.295
13295.76,2011.312,5536.46,13194.16,2034.814,5518.689,13093.58,1964.109,5543.567,13163.9,2039.797,5320.873,13080.65,2032.027,5374.961,13230.83,2019.457,5444.99,13121.52,2009.766,5452.304,13199.1,2026.161,5548.432,13112.23,1950.336,5315.25,13315.93,1957.595,5416.458
13296.02,2011.312,5536.711,13194.47,2034.814,5518.877,13093.32,1964.109,5543.813,13163.64,2039.797,5320.616,13080.47,2032.027,5374.647,13230.79,2019.457,5445.352,13121.38,2009.766,5451.971,13199.18,2026.161,5548.784,13111.98,1950.336,5314.99,13316.25,1957.595,5416.625
13296.27,2011.312,5536.962,13194.77,2034.814,5519.064,13093.05,1964.109,5544.044,13163.4,2039.797,5320.359,13080.29,2032.027,5374.341,13230.77,2019.457,5445.704,13121.24,2009.766,5451.646,13199.26,2026.161,5549.127,13111.75,1950.336,5314.728,13316.56,1957.595,5416.794
13296.51,2011.312,5537.212,13195.06,2034.814,5519.251,13092.79,1964.109,5544.26,13163.17,2039.797,5320.102,13080.12,2032.027,5374.042,13230.76,2019.457,5446.046,13121.11,2009.766,5451.329,13199.34,2026.161,5549.461,13111.52,1950.336,5314.466,13316.86,1957.595,5416.966
13296.86,2011.312,5537.616,13195.51,2034.814,5519.552,13092.36,1964.109,5544.586,13162.83,2039.797,5319.685,13079.86,2032.027,5373.572,13230.76,2019.457,5446.586,13120.92,2009.766,5450.827,13199.46,2026.161,5549.988,13111.19,1950.336,5314.043,13317.32,1957.595,5417.25
13297,2011.312,5537.776,13195.68,2034.814,5519.67,13092.19,1964.109,5544.707,13162.7,2039.797,5319.522,13079.76,2032.027,5373.39,13230.77,2019.457,5446.794,13120.84,2009.766,5450.632,13199.5,2026.161,5550.191,13111.06,1950.336,5313.878,13317.49,1957.595,5417.364
13297.21,2011.312,5538.046,13195.96,2034.814,5519.871,13091.9,1964.109,5544.899,13162.49,2039.797,5319.247,13079.59,2032.027,5373.089,13230.79,2019.457,5447.137,13120.73,2009.766,5450.308,13199.57,2026.161,5550.529,13110.86,1950.336,5313.599,13317.77,1957.595,5417.56
13297.39,2011.312,5538.288,13196.2,2034.814,5520.051,13091.65,1964.109,5545.061,13162.32,2039.797,5319,13079.45,2032.027,5372.826,13230.82,2019.457,5447.437,13120.63,2009.766,5450.023,13199.62,2026.161,5550.825,13110.68,1950.336,5313.357,13318.01,1957.595,5417.739
13297.56,2011.312,5538.527,13196.43,2034.814,5520.229,13091.4,1964.109,5545.21,13162.15,2039.797,5318.766,13079.31,2032.027,5372.57,13230.85,2019.457,5447.727,13120.54,2009.766,5449.745,13199.67,2026.161,5551.112,13110.52,1950.336,5313.117,13318.24,1957.595,5417.918
13297.71,2011.312,5538.764,13196.65,2034.814,5520.405,13091.15,1964.109,5545.349,13161.98,2039.797,5318.533,13079.17,2032.027,5372.321,13230.89,2019.457,5448.007,13120.46,2009.766,5449.474,13199.72,2026.161,5551.391,13110.36,1950.336,5312.883,13318.46,1957.595,5418.099
13297.85,2011.312,5538.997,13196.86,2034.814,5520.578,13090.91,1964.109,5545.475,13161.8,2039.797,5318.329,13079.04,2032.027,5372.082,13230.94,2019.457,5448.276,13120.38,2009.766,5449.211,13199.77,2026.161,5551.661,13110.21,1950.336,5312.652,13318.67,1957.595,5418.279
13297.99,2011.312,5539.228,13197.07,2034.814,5520.75,13090.67,1964.109,5545.59,13161.63,2039.797,5318.124,13078.91,2032.027,5371.849,13231,2019.457,5448.535,13120.32,2009.766,5448.954,13199.81,2026.161,5551.922,13110.07,1950.336,5312.425,13318.86,1957.595,5418.459
13298.11,2011.312,5539.457,13197.26,2034.814,5520.92,13090.43,1964.109,5545.696,13161.48,2039.797,5317.919,13078.79,2032.027,5371.621,13231.06,2019.457,5448.787,13120.26,2009.766,5448.702,13199.85,2026.161,5552.179,13109.96,1950.336,5312.192,13319.05,1957.595,5418.641
13298.22,2011.312,5539.678,13197.44,2034.814,5521.086,13090.21,1964.109,5545.79,13161.33,2039.797,5317.719,13078.67,2032.027,5371.404,13231.13,2019.457,5449.024,13120.21,2009.766,5448.46,13199.88,2026.161,5552.423,13109.84,1950.336,5311.974,13319.22,1957.595,5418.818
13298.33,2011.312,5539.921,13197.64,2034.814,5521.27,13089.96,1964.109,5545.884,13161.18,2039.797,5317.497,13078.54,2032.027,5371.169,13231.21,2019.457,5449.278,13120.16,2009.766,5448.198,13199.92,2026.161,5552.688,13109.71,1950.336,5311.742,13319.4,1957.595,5419.016
13298.43,2011.312,5540.171,13197.83,2034.814,5521.458,13089.7,1964.109,5545.972,13161.04,2039.797,5317.268,13078.42,2032.027,5370.931,13231.3,2019.457,5449.534,13120.12,2009.766,5447.93,13199.95,2026.161,5552.956,13109.58,1950.336,5311.503,13319.57,1957.595,5419.222
13298.5,2011.312,5540.366,13197.98,2034.814,5521.606,13089.5,1964.109,5546.034,13160.93,2039.797,5317.087,13078.32,2032.027,5370.748,13231.38,2019.457,5449.728,13120.09,2009.766,5447.724,13199.97,2026.161,5553.163,13109.49,1950.336,5311.316,13319.7,1957.595,5419.385
13298.58,2011.312,5540.574,13198.13,2034.814,5521.766,13089.29,1964.109,5546.092,13160.82,2039.797,5316.899,13078.21,2032.027,5370.554,13231.47,2019.457,5449.931,13120.07,2009.766,5447.504,13200,2026.161,5553.381,13109.4,1950.336,5311.115,13319.84,1957.595,5419.561
13298.64,2011.312,5540.779,13198.28,2034.814,5521.923,13089.08,1964.109,5546.143,13160.71,2039.797,5316.713,13078.11,2032.027,5370.366,13231.56,2019.457,5450.125,13120.05,2009.766,5447.291,13200.02,2026.161,5553.595,13109.31,1950.336,5310.92,13319.96,1957.595,5419.736
13298.69,2011.312,5540.98,13198.41,2034.814,5522.079,13088.87,1964.109,5546.186,13160.59,2039.797,5316.545,13078.01,2032.027,5370.183,13231.65,2019.457,5450.312,13120.04,2009.766,5447.083,13200.04,2026.161,5553.802,13109.21,1950.336,5310.738,13320.08,1957.595,5419.909
13298.78,2011.312,5541.317,13198.64,2034.814,5522.341,13088.53,1964.109,5546.248,13160.39,2039.797,5316.262,13077.84,2032.027,5369.878,13231.82,2019.457,5450.616,13120.04,2009.766,5446.736,13200.07,2026.161,5554.147,13109.03,1950.336,5310.44,13320.26,1957.595,5420.203
13298.82,2011.312,5541.521,13198.77,2034.814,5522.501,13088.33,1964.109,5546.278,13160.27,2039.797,5316.088,13077.74,2032.027,5369.695,13231.92,2019.457,5450.796,13120.04,2009.766,5446.527,13200.09,2026.161,5554.354,13108.91,1950.336,5310.275,13320.37,1957.595,5420.383
13298.86,2011.312,5541.78,13198.94,2034.814,5522.707,13088.07,1964.109,5546.309,13160.12,2039.797,5315.873,13077.62,2032.027,5369.462,13232.06,2019.457,5451.018,13120.05,2009.766,5446.265,13200.11,2026.161,5554.616,13108.75,1950.336,5310.063,13320.49,1957.595,5420.613
13298.89,2011.312,5541.986,13199.06,2034.814,5522.872,13087.86,1964.109,5546.327,13159.99,2039.797,5315.708,13077.53,2032.027,5369.274,13232.18,2019.457,5451.191,13120.06,2009.766,5446.057,13200.13,2026.161,5554.824,13108.64,1950.336,5309.89,13320.59,1957.595,5420.799
13298.92,2011.312,5542.193,13199.19,2034.814,5523.039,13087.65,1964.109,5546.339,13159.87,2039.797,5315.54,13077.44,2032.027,5369.086,13232.3,2019.457,5451.36,13120.09,2009.766,5445.85,13200.14,2026.161,5555.031,13108.52,1950.336,5309.717,13320.67,1957.595,5420.987
13298.93,2011.312,5542.4,13199.31,2034.814,5523.208,13087.44,1964.109,5546.344,13159.74,2039.797,5315.379,13077.36,2032.027,5368.895,13232.43,2019.457,5451.525,13120.12,2009.766,5445.644,13200.16,2026.161,5555.239,13108.41,1950.336,5309.541,13320.76,1957.595,5421.178
13298.95,2011.312,5542.608,13199.43,2034.814,5523.38,13087.23,1964.109,5546.343,13159.61,2039.797,5315.213,13077.27,2032.027,5368.709,13232.56,2019.457,5451.686,13120.15,2009.766,5445.438,13200.17,2026.161,5555.447,13108.3,1950.336,5309.361,13320.84,1957.595,5421.372
13298.95,2011.312,5542.817,13199.54,2034.814,5523.554,13087.03,1964.109,5546.336,13159.49,2039.797,5315.044,13077.18,2032.027,5368.52,13232.7,2019.457,5451.842,13120.19,2009.766,5445.234,13200.18,2026.161,5555.655,13108.22,1950.336,5309.169,13320.91,1957.595,5421.567
13298.95,2011.312,5543.025,13199.65,2034.814,5523.73,13086.82,1964.109,5546.322,13159.38,2039.797,5314.871,13077.1,2032.027,5368.328,13232.84,2019.457,5451.994,13120.24,2009.766,5445.032,13200.19,2026.161,5555.863,13108.13,1950.336,5308.979,13320.98,1957.595,5421.764
13298.95,2011.312,5543.234,13199.76,2034.814,5523.909,13086.61,1964.109,5546.301,13159.27,2039.797,5314.693,13077.02,2032.027,5368.134,13232.99,2019.457,5452.141,13120.3,2009.766,5444.831,13200.2,2026.161,5556.071,13108.04,1950.336,5308.793,13321.04,1957.595,5421.963
13298.93,2011.312,5543.495,13199.89,2034.814,5524.135,13086.35,1964.109,5546.268,13159.14,2039.797,5314.467,13076.93,2032.027,5367.887,13233.18,2019.457,5452.32,13120.38,2009.766,5444.582,13200.21,2026.161,5556.332,13107.93,1950.336,5308.555,13321.11,1957.595,5422.215
13298.92,2011.312,5543.703,13199.99,2034.814,5524.317,13086.15,1964.109,5546.235,13159.04,2039.797,5314.283,13076.87,2032.027,5367.688,13233.33,2019.457,5452.458,13120.44,2009.766,5444.385,13200.22,2026.161,5556.54,13107.83,1950.336,5308.373,13321.16,1957.595,5422.417
13298.9,2011.312,5543.911,13200.09,2034.814,5524.501,13085.94,1964.109,5546.196,13158.95,2039.797,5314.096,13076.82,2032.027,5367.488,13233.5,2019.457,5452.59,13120.52,2009.766,5444.19,13200.23,2026.161,5556.748,13107.74,1950.336,5308.188,13321.2,1957.595,5422.621
13298.88,2011.312,5544.118,13200.18,2034.814,5524.687,13085.74,1964.109,5546.15,13158.85,2039.797,5313.913,13076.77,2032.027,5367.285,13233.66,2019.457,5452.717,13120.6,2009.766,5443.999,13200.24,2026.161,5556.956,13107.65,1950.336,5307.999,13321.24,1957.595,5422.826
13298.86,2011.312,5544.325,13200.27,2034.814,5524.875,13085.54,1964.109,5546.099,13158.75,2039.797,5313.727,13076.72,2032.027,5367.081,13233.83,2019.457,5452.839,13120.69,2009.766,5443.81,13200.24,2026.161,5557.164,13107.57,1950.336,5307.808,13321.27,1957.595,5423.032
13298.83,2011.312,5544.531,13200.36,2034.814,5525.064,13085.34,1964.109,5546.041,13158.67,2039.797,5313.538,13076.69,2032.027,5366.876,13234,2019.457,5452.956,13120.78,2009.766,5443.624,13200.25,2026.161,5557.372,13107.49,1950.336,5307.614,13321.29,1957.595,5423.239
13298.79,2011.312,5544.736,13200.44,2034.814,5525.256,13085.14,1964.109,5545.977,13158.58,2039.797,5313.346,13076.66,2032.027,5366.67,13234.18,2019.457,5453.066,13120.88,2009.766,5443.44,13200.25,2026.161,5557.58,13107.42,1950.336,5307.417,13321.31,1957.595,5423.446
13298.75,2011.312,5544.939,13200.52,2034.814,5525.449,13084.94,1964.109,5545.906,13158.51,2039.797,5313.151,13076.64,2032.027,5366.463,13234.36,2019.457,5453.171,13120.99,2009.766,5443.261,13200.26,2026.161,5557.788,13107.36,1950.336,5307.219,13321.33,1957.595,5423.654
13298.7,2011.312,5545.142,13200.6,2034.814,5525.643,13084.75,1964.109,5545.83,13158.44,2039.797,5312.955,13076.62,2032.027,5366.255,13234.54,2019.457,5453.271,13121.1,2009.766,5443.084,13200.26,2026.161,5557.996,13107.3,1950.336,5307.019,13321.33,1957.595,5423.862
13298.64,2011.312,5545.343,13200.67,2034.814,5525.839,13084.56,1964.109,5545.748,13158.38,2039.797,5312.756,13076.6,2032.027,5366.047,13234.73,2019.457,5453.364,13121.22,2009.766,5442.912,13200.26,2026.161,5558.204,13107.24,1950.336,5306.818,13321.34,1957.595,5424.071
13298.59,2011.312,5545.543,13200.73,2034.814,5526.036,13084.37,1964.109,5545.659,13158.32,2039.797,5312.555,13076.6,2032.027,5365.839,13234.92,2019.457,5453.451,13121.34,2009.766,5442.744,13200.26,2026.161,5558.412,13107.19,1950.336,5306.616,13321.33,1957.595,5424.279
13298.52,2011.312,5545.741,13200.8,2034.814,5526.235,13084.18,1964.109,5545.565,13158.27,2039.797,5312.353,13076.59,2032.027,5365.631,13235.11,2019.457,5453.532,13121.47,2009.766,5442.579,13200.27,2026.161,5558.62,13107.15,1950.336,5306.413,13321.32,1957.595,5424.487
13298.46,2011.312,5545.94,13200.86,2034.814,5526.435,13084,1964.109,5545.466,13158.23,2039.797,5312.148,13076.58,2032.027,5365.422,13235.3,2019.457,5453.607,13121.6,2009.766,5442.419,13200.27,2026.161,5558.828,13107.11,1950.336,5306.208,13321.31,1957.595,5424.695
13298.39,2011.312,5546.137,13200.91,2034.814,5526.636,13083.82,1964.109,5545.36,13158.2,2039.797,5311.943,13076.59,2032.027,5365.214,13235.5,2019.457,5453.676,13121.74,2009.766,5442.263,13200.27,2026.161,5559.036,13107.08,1950.336,5306.001,13321.29,1957.595,5424.902
13298.32,2011.312,5546.333,13200.96,2034.814,5526.838,13083.64,1964.109,5545.25,13158.17,2039.797,5311.737,13076.6,2032.027,5365.006,13235.7,2019.457,5453.738,13121.88,2009.766,5442.112,13200.27,2026.161,5559.244,13107.06,1950.336,5305.794,13321.26,1957.595,5425.108
13298.24,2011.312,5546.526,13201.01,2034.814,5527.041,13083.47,1964.109,5545.133,13158.14,2039.797,5311.53,13076.61,2032.027,5364.798,13235.9,2019.457,5453.794,13122.03,2009.766,5441.966,13200.27,2026.161,5559.452,13107.04,1950.336,5305.587,13321.23,1957.595,5425.314
13298.16,2011.312,5546.717,13201.05,2034.814,5527.245,13083.3,1964.109,5545.012,13158.13,2039.797,5311.322,13076.64,2032.027,5364.591,13236.1,2019.457,5453.843,13122.18,2009.766,5441.825,13200.26,2026.161,5559.66,13107.03,1950.336,5305.379,13321.19,1957.595,5425.519
13298.07,2011.312,5546.907,13201.09,2034.814,5527.45,13083.14,1964.109,5544.885,13158.12,2039.797,5311.114,13076.67,2032.027,5364.385,13236.31,2019.457,5453.886,13122.34,2009.766,5441.688,13200.26,2026.161,5559.868,13107.03,1950.336,5305.17,13321.14,1957.595,5425.722
13297.98,2011.312,5547.094,13201.12,2034.814,5527.656,13082.98,1964.109,5544.753,13158.12,2039.797,5310.906,13076.7,2032.027,5364.18,13236.51,2019.457,5453.922,13122.5,2009.766,5441.558,13200.26,2026.161,5560.076,13107.03,1950.336,5304.962,13321.09,1957.595,5425.924
13297.9,2011.312,5547.285,13201.15,2034.814,5527.862,13082.82,1964.109,5544.616,13158.12,2039.797,5310.697,13076.75,2032.027,5363.977,13236.72,2019.457,5453.952,13122.67,2009.766,5441.432,13200.26,2026.161,5560.284,13107.04,1950.336,5304.754,13321.03,1957.595,5426.125
13297.81,2011.312,5547.473,13201.17,2034.814,5528.069,13082.67,1964.109,5544.475,13158.13,2039.797,5310.489,13076.8,2032.027,5363.774,13236.92,2019.457,5453.975,13122.84,2009.766,5441.312,13200.25,2026.161,5560.492,13107.06,1950.336,5304.546,13320.97,1957.595,5426.324
13297.72,2011.312,5547.659,13201.19,2034.814,5528.276,13082.52,1964.109,5544.329,13158.15,2039.797,5310.282,13076.85,2032.027,5363.574,13237.13,2019.457,5453.992,13123.01,2009.766,5441.197,13200.25,2026.161,5560.7,13107.09,1950.336,5304.339,13320.92,1957.595,5426.524
13297.62,2011.312,5547.842,13201.21,2034.814,5528.484,13082.37,1964.109,5544.178,13158.18,2039.797,5310.075,13076.92,2032.027,5363.375,13237.34,2019.457,5454.001,13123.19,2009.766,5441.088,13200.25,2026.161,5560.908,13107.12,1950.336,5304.133,13320.87,1957.595,5426.727
13297.53,2011.312,5548.029,13201.22,2034.814,5528.692,13082.23,1964.109,5544.022,13158.21,2039.797,5309.869,13076.99,2032.027,5363.179,13237.55,2019.457,5454.004,13123.37,2009.766,5440.985,13200.24,2026.161,5561.116,13107.16,1950.336,5303.929,13320.83,1957.595,5426.931
13297.43,2011.312,5548.212,13201.22,2034.814,5528.9,13082.1,1964.109,5543.863,13158.25,2039.797,5309.665,13077.06,2032.027,5362.985,13237.76,2019.457,5454,13123.56,2009.766,5440.888,13200.24,2026.161,5561.324,13107.2,1950.336,5303.725,13320.79,1957.595,5427.136
13297.32,2011.312,5548.393,13201.23,2034.814,5529.108,13081.97,1964.109,5543.7,13158.3,2039.797,5309.461,13077.14,2032.027,5362.793,13237.96,2019.457,5453.99,13123.74,2009.766,5440.797,13200.24,2026.161,5561.532,13107.25,1950.336,5303.523,13320.76,1957.595,5427.343
13297.21,2011.312,5548.57,13201.22,2034.814,5529.316,13081.85,1964.109,5543.532,13158.35,2039.797,5309.26,13077.23,2032.027,5362.605,13238.17,2019.457,5453.973,13123.93,2009.766,5440.712,13200.23,2026.161,5561.74,13107.31,1950.336,5303.323,13320.74,1957.595,5427.55
13297.1,2011.312,5548.745,13201.21,2034.814,5529.524,13081.73,1964.109,5543.361,13158.41,2039.797,5309.06,13077.33,2032.027,5362.419,13238.38,2019.457,5453.95,13124.13,2009.766,5440.634,13200.23,2026.161,5561.948,13107.38,1950.336,5303.125,13320.73,1957.595,5427.758
13296.98,2011.312,5548.916,13201.2,2034.814,5529.732,13081.62,1964.109,5543.187,13158.47,2039.797,5308.862,13077.43,2032.027,5362.237,13238.59,2019.457,5453.919,13124.32,2009.766,5440.562,13200.22,2026.161,5562.156,13107.45,1950.336,5302.929,13320.72,1957.595,5427.966
13296.86,2011.312,5549.083,13201.19,2034.814,5529.94,13081.51,1964.109,5543.008,13158.54,2039.797,5308.667,13077.53,2032.027,5362.058,13238.79,2019.457,5453.883,13124.52,2009.766,5440.496,13200.22,2026.161,5562.364,13107.52,1950.336,5302.736,13320.72,1957.595,5428.174
13296.74,2011.312,5549.255,13201.16,2034.814,5530.147,13081.4,1964.109,5542.827,13158.62,2039.797,5308.473,13077.65,2032.027,5361.882,13239,2019.457,5453.839,13124.72,2009.766,5440.437,13200.21,2026.161,5562.572,13107.61,1950.336,5302.545,13320.72,1957.595,5428.383
13296.62,2011.312,5549.424,13201.14,2034.814,5530.354,13081.31,1964.109,5542.643,13158.71,2039.797,5308.283,13077.76,2032.027,5361.71,13239.2,2019.457,5453.79,13124.92,2009.766,5440.384,13200.2,2026.161,5562.78,13107.7,1950.336,5302.357,13320.74,1957.595,5428.591
13296.49,2011.312,5549.589,13201.11,2034.814,5530.56,13081.22,1964.109,5542.455,13158.8,2039.797,5308.095,13077.89,2032.027,5361.543,13239.4,2019.457,5453.733,13125.13,2009.766,5440.338,13200.2,2026.161,5562.988,13107.79,1950.336,5302.172,13320.75,1957.595,5428.798
13296.37,2011.312,5549.757,13201.07,2034.814,5530.765,13081.13,1964.109,5542.265,13158.89,2039.797,5307.911,13078.02,2032.027,5361.379,13239.6,2019.457,5453.671,13125.33,2009.766,5440.298,13200.19,2026.161,5563.196,13107.89,1950.336,5301.99,13320.78,1957.595,5429.005
13296.24,2011.312,5549.921,13201.03,2034.814,5530.969,13081.05,1964.109,5542.073,13159,2039.797,5307.729,13078.15,2032.027,5361.22,13239.79,2019.457,5453.602,13125.54,2009.766,5440.266,13200.19,2026.161,5563.404,13108,1950.336,5301.812,13320.81,1957.595,5429.21
13296.11,2011.312,5550.084,13200.99,2034.814,5531.172,13080.98,1964.109,5541.878,13159.1,2039.797,5307.552,13078.29,2032.027,5361.065,13239.99,2019.457,5453.527,13125.74,2009.766,5440.24,13200.18,2026.161,5563.612,13108.12,1950.336,5301.637,13320.85,1957.595,5429.415
13295.99,2011.312,5550.255,13200.94,2034.814,5531.374,13080.91,1964.109,5541.681,13159.22,2039.797,5307.377,13078.44,2032.027,5360.915,13240.18,2019.457,5453.446,13125.95,2009.766,5440.221,13200.17,2026.161,5563.82,13108.23,1950.336,5301.466,13320.9,1957.595,5429.618
13295.87,2011.312,5550.422,13200.88,2034.814,5531.575,13080.85,1964.109,5541.482,13159.34,2039.797,5307.207,13078.58,2032.027,5360.77,13240.37,2019.457,5453.358,13126.16,2009.766,5440.208,13200.17,2026.161,5564.028,13108.36,1950.336,5301.299,13320.95,1957.595,5429.82
13295.74,2011.312,5550.585,13200.82,2034.814,5531.775,13080.79,1964.109,5541.282,13159.46,2039.797,5307.041,13078.74,2032.027,5360.629,13240.55,2019.457,5453.265,13126.37,2009.766,5440.203,13200.16,2026.161,5564.236,13108.49,1950.336,5301.137,13321.01,1957.595,5430.02
13295.6,2011.312,5550.744,13200.76,2034.814,5531.973,13080.74,1964.109,5541.08,13159.59,2039.797,5306.878,13078.9,2032.027,5360.494,13240.74,2019.457,5453.166,13126.57,2009.766,5440.204,13200.16,2026.161,5564.444,13108.63,1950.336,5300.979,13321.07,1957.595,5430.217
13295.46,2011.312,5550.899,13200.69,2034.814,5532.17,13080.69,1964.109,5540.876,13159.73,2039.797,5306.721,13079.06,2032.027,5360.364,13240.92,2019.457,5453.062,13126.78,2009.766,5440.211,13200.15,2026.161,5564.652,13108.77,1950.336,5300.825,13321.15,1957.595,5430.413
13295.32,2011.312,5551.05,13200.62,2034.814,5532.365,13080.66,1964.109,5540.671,13159.87,2039.797,5306.567,13079.23,2032.027,5360.239,13241.09,2019.457,5452.951,13126.99,2009.766,5440.226,13200.15,2026.161,5564.86,13108.91,1950.336,5300.676,13321.22,1957.595,5430.605
13295.17,2011.312,5551.197,13200.54,2034.814,5532.559,13080.62,1964.109,5540.466,13160.02,2039.797,5306.419,13079.4,2032.027,5360.12,13241.27,2019.457,5452.835,13127.2,2009.766,5440.248,13200.14,2026.161,5565.068,13109.06,1950.336,5300.531,13321.31,1957.595,5430.796
13295.03,2011.312,5551.352,13200.46,2034.814,5532.75,13080.6,1964.109,5540.259,13160.17,2039.797,5306.275,13079.57,2032.027,5360.007,13241.44,2019.457,5452.714,13127.4,2009.766,5440.276,13200.14,2026.161,5565.276,13109.22,1950.336,5300.392,13321.4,1957.595,5430.983
13294.89,2011.312,5551.503,13200.37,2034.814,5532.939,13080.58,1964.109,5540.052,13160.32,2039.797,5306.137,13079.75,2032.027,5359.899,13241.6,2019.457,5452.588,13127.61,2009.766,5440.311,13200.14,2026.161,5565.484,13109.38,1950.336,5300.258,13321.5,1957.595,5431.168
13294.74,2011.312,5551.653,13200.28,2034.814,5533.127,13080.56,1964.109,5539.844,13160.48,2039.797,5306.003,13079.93,2032.027,5359.797,13241.76,2019.457,5452.458,13127.81,2009.766,5440.352,13200.13,2026.161,5565.692,13109.54,1950.336,5300.129,13321.6,1957.595,5431.349
13294.59,2011.312,5551.798,13200.19,2034.814,5533.312,13080.55,1964.109,5539.636,13160.65,2039.797,5305.875,13080.12,2032.027,5359.701,13241.93,2019.457,5452.332,13128.01,2009.766,5440.4,13200.13,2026.161,5565.9,13109.71,1950.336,5300.005,13321.71,1957.595,5431.527
13294.45,2011.312,5551.948,13200.09,2034.814,5533.495,13080.55,1964.109,5539.428,13160.81,2039.797,5305.744,13080.3,2032.027,5359.6,13242.09,2019.457,5452.201,13128.22,2009.766,5440.455,13200.12,2026.161,5566.108,13109.88,1950.336,5299.888,13321.82,1957.595,5431.701
13294.31,2011.312,5552.103,13199.98,2034.814,5533.675,13080.55,1964.109,5539.219,13160.97,2039.797,5305.618,13080.48,2032.027,5359.492,13242.25,2019.457,5452.065,13128.42,2009.766,5440.515,13200.1,2026.161,5566.316,13110.06,1950.336,5299.775,13321.94,1957.595,5431.871
13294.17,2011.312,5552.262,13199.87,2034.814,5533.853,13080.56,1964.109,5539.011,13161.14,2039.797,5305.495,13080.65,2032.027,5359.379,13242.41,2019.457,5451.925,13128.61,2009.766,5440.582,13200.08,2026.161,5566.523,13110.23,1950.336,5299.669,13322.07,1957.595,5432.037
13294.04,2011.312,5552.425,13199.76,2034.814,5534.027,13080.58,1964.109,5538.804,13161.31,2039.797,5305.374,13080.82,2032.027,5359.26,13242.55,2019.457,5451.781,13128.81,2009.766,5440.655,13200.05,2026.161,5566.729,13110.42,1950.336,5299.568,13322.2,1957.595,5432.199
13293.92,2011.312,5552.592,13199.64,2034.814,5534.2,13080.6,1964.109,5538.597,13161.48,2039.797,5305.255,13080.99,2032.027,5359.136,13242.7,2019.457,5451.632,13129,2009.766,5440.733,13200.01,2026.161,5566.934,13110.6,1950.336,5299.474,13322.34,1957.595,5432.357
13293.8,2011.312,5552.763,13199.52,2034.814,5534.369,13080.62,1964.109,5538.39,13161.66,2039.797,5305.138,13081.15,2032.027,5359.006,13242.84,2019.457,5451.479,13129.19,2009.766,5440.818,13199.97,2026.161,5567.138,13110.79,1950.336,5299.386,13322.48,1957.595,5432.51
13293.69,2011.312,5552.938,13199.4,2034.814,5534.535,13080.66,1964.109,5538.185,13161.83,2039.797,5305.021,13081.31,2032.027,5358.871,13242.98,2019.457,5451.322,13129.38,2009.766,5440.908,13199.92,2026.161,5567.34,13110.99,1950.336,5299.322,13322.62,1957.595,5432.658
13293.58,2011.312,5553.116,13199.26,2034.814,5534.697,13080.69,1964.109,5537.979,13162,2039.797,5304.905,13081.47,2032.027,5358.731,13243.11,2019.457,5451.162,13129.56,2009.766,5441.004,13199.86,2026.161,5567.541,13111.19,1950.336,5299.252,13322.78,1957.595,5432.802
13293.48,2011.312,5553.297,13199.13,2034.814,5534.855,13080.74,1964.109,5537.775,13162.17,2039.797,5304.789,13081.62,2032.027,5358.586,13243.24,2019.457,5450.998,13129.75,2009.766,5441.105,13199.8,2026.161,5567.739,13111.38,1950.336,5299.186,13322.93,1957.595,5432.94
13293.38,2011.312,5553.482,13198.99,2034.814,5535.01,13080.78,1964.109,5537.573,13162.35,2039.797,5304.673,13081.76,2032.027,5358.436,13243.37,2019.457,5450.831,13129.92,2009.766,5441.212,13199.73,2026.161,5567.936,13111.58,1950.336,5299.113,13323.09,1957.595,5433.074
13293.29,2011.312,5553.67,13198.84,2034.814,5535.16,13080.84,1964.109,5537.371,13162.52,2039.797,5304.557,13081.9,2032.027,5358.282,13243.49,2019.457,5450.661,13130.1,2009.766,5441.324,13199.65,2026.161,5568.129,13111.77,1950.336,5299.034,13323.25,1957.595,5433.202
13293.21,2011.312,5553.86,13198.7,2034.814,5535.306,13080.89,1964.109,5537.171,13162.69,2039.797,5304.441,13082.04,2032.027,5358.123,13243.6,2019.457,5450.488,13130.27,2009.766,5441.441,13199.57,2026.161,5568.321,13111.96,1950.336,5298.949,13323.42,1957.595,5433.324
13293.12,2011.312,5554.048,13198.54,2034.814,5535.447,13080.96,1964.109,5536.972,13162.87,2039.797,5304.332,13082.18,2032.027,5357.969,13243.73,2019.457,5450.32,13130.45,2009.766,5441.553,13199.49,2026.161,5568.515,13112.15,1950.336,5298.857,13323.6,1957.595,5433.441
13293.02,2011.312,5554.232,13198.39,2034.814,5535.583,13081.02,1964.109,5536.774,13163.05,2039.797,5304.228,13082.32,2032.027,5357.819,13243.85,2019.457,5450.155,13130.63,2009.766,5441.659,13199.42,2026.161,5568.71,13112.34,1950.336,5298.766,13323.77,1957.595,5433.552
13292.92,2011.312,5554.414,13198.22,2034.814,5535.714,13081.09,1964.109,5536.578,13163.23,2039.797,5304.127,13082.47,2032.027,5357.674,13243.99,2019.457,5449.995,13130.81,2009.766,5441.759,13199.36,2026.161,5568.908,13112.52,1950.336,5298.668,13323.95,1957.595,5433.658
13292.79,2011.312,5554.62,13198.03,2034.814,5535.861,13081.17,1964.109,5536.351,13163.44,2039.797,5304.013,13082.65,2032.027,5357.512,13244.15,2019.457,5449.813,13131.03,2009.766,5441.868,13199.29,2026.161,5569.14,13112.74,1950.336,5298.562,13324.17,1957.595,5433.773
13292.62,2011.312,5554.891,13197.77,2034.814,5536.049,13081.29,1964.109,5536.05,13163.73,2039.797,5303.869,13082.9,2032.027,5357.303,13244.37,2019.457,5449.577,13131.32,2009.766,5442.007,13199.2,2026.161,5569.451,13113.02,1950.336,5298.41,13324.45,1957.595,5433.918
13292.44,2011.312,5555.143,13197.51,2034.814,5536.221,13081.41,1964.109,5535.764,13164.03,2039.797,5303.767,13083.14,2032.027,5357.111,13244.59,2019.457,5449.359,13131.6,2009.766,5442.133,13199.12,2026.161,5569.75,13113.27,1950.336,5298.227,13324.73,1957.595,5434.048
13292.21,2011.312,5555.493,13197.16,2034.814,5536.442,13081.57,1964.109,5535.379,13164.42,2039.797,5303.615,13083.47,2032.027,5356.863,13244.89,2019.457,5449.074,13131.98,2009.766,5442.299,13199.01,2026.161,5570.152,13113.62,1950.336,5297.99,13325.12,1957.595,5434.21
13291.89,2011.312,5556.016,13196.63,2034.814,5536.75,13081.82,1964.109,5534.817,13164.98,2039.797,5303.383,13083.98,2032.027,5356.514,13245.35,2019.457,5448.669,13132.54,2009.766,5442.558,13198.82,2026.161,5570.736,13114.13,1950.336,5297.659,13325.69,1957.595,5434.431
13291.79,2011.312,5556.197,13196.44,2034.814,5536.849,13081.9,1964.109,5534.628,13165.18,2039.797,5303.311,13084.15,2032.027,5356.401,13245.51,2019.457,5448.537,13132.73,2009.766,5442.642,13198.75,2026.161,5570.932,13114.31,1950.336,5297.553,13325.89,1957.595,5434.499
13291.41,2011.312,5556.914,13195.72,2034.814,5537.211,13082.25,1964.109,5533.894,13165.93,2039.797,5303.012,13084.85,2032.027,5355.985,13246.15,2019.457,5448.042,13133.46,2009.766,5442.991,13198.45,2026.161,5571.686,13115.02,1950.336,5297.162,13326.66,1957.595,5434.739
13291.13,2011.312,5557.499,13195.13,2034.814,5537.483,13082.52,1964.109,5533.308,13166.56,2039.797,5302.837,13085.42,2032.027,5355.67,13246.68,2019.457,5447.662,13134.04,2009.766,5443.283,13198.2,2026.161,5572.282,13115.6,1950.336,5296.867,13327.29,1957.595,5434.912
13290.84,2011.312,5558.144,13194.48,2034.814,5537.758,13082.83,1964.109,5532.672,13167.23,2039.797,5302.624,13086.05,2032.027,5355.347,13247.27,2019.457,5447.267,13134.67,2009.766,5443.613,13197.9,2026.161,5572.922,13116.24,1950.336,5296.567,13327.98,1957.595,5435.077
13290.55,2011.312,5558.839,13193.78,2034.814,5538.029,13083.17,1964.109,5532,13167.95,2039.797,5302.396,13086.7,2032.027,5354.983,13247.88,2019.457,5446.837,13135.32,2009.766,5443.983,13197.55,2026.161,5573.591,13116.92,1950.336,5296.242,13328.71,1957.595,5435.242
13290.27,2011.312,5559.59,13193.02,2034.814,5538.294,13083.53,1964.109,5531.287,13168.71,2039.797,5302.152,13087.41,2032.027,5354.609,13248.53,2019.457,5446.368,13135.99,2009.766,5444.418,13197.17,2026.161,5574.293,13117.63,1950.336,5295.888,13329.49,1957.595,5435.407
13289.89,2011.312,5560.733,13191.87,2034.814,5538.658,13084.08,1964.109,5530.217,13169.86,2039.797,5301.783,13088.49,2032.027,5354.074,13249.5,2019.457,5445.646,13136.99,2009.766,5445.088,13196.56,2026.161,5575.332,13118.71,1950.336,5295.345,13330.68,1957.595,5435.639
13289.72,2011.312,5561.312,13191.29,2034.814,5538.822,13084.37,1964.109,5529.683,13170.43,2039.797,5301.597,13089.04,2032.027,5353.819,13249.98,2019.457,5445.275,13137.5,2009.766,5445.409,13196.23,2026.161,5575.843,13119.25,1950.336,5295.067,13331.27,1957.595,5435.749
13289.49,2011.312,5562.166,13190.43,2034.814,5539.035,13084.79,1964.109,5528.906,13171.27,2039.797,5301.324,13089.85,2032.027,5353.47,13250.66,2019.457,5444.72,13138.26,2009.766,5445.859,13195.74,2026.161,5576.576,13120.03,1950.336,5294.654,13332.14,1957.595,5435.898
13289.27,2011.312,5563.133,13189.46,2034.814,5539.244,13085.27,1964.109,5528.037,13172.21,2039.797,5301.016,13090.77,2032.027,5353.105,13251.42,2019.457,5444.082,13139.12,2009.766,5446.357,13195.17,2026.161,5577.386,13120.9,1950.336,5294.18,13333.12,1957.595,5436.055
13289.07,2011.312,5564.139,13188.45,2034.814,5539.427,13085.79,1964.109,5527.155,13173.18,2039.797,5300.666,13091.74,2032.027,5352.759,13252.23,2019.457,5443.448,13140.02,2009.766,5446.844,13194.62,2026.161,5578.25,13121.82,1950.336,5293.72,13334.14,1957.595,5436.184
13288.89,2011.312,5565.2,13187.39,2034.814,5539.585,13086.37,1964.109,5526.25,13174.18,2039.797,5300.266,13092.76,2032.027,5352.428,13253.1,2019.457,5442.812,13140.99,2009.766,5447.323,13194.04,2026.161,5579.151,13122.79,1950.336,5293.269,13335.21,1957.595,5436.284
13288.59,2011.312,5566.729,13185.84,2034.814,5539.765,13087.25,1964.109,5524.965,13175.56,2039.797,5299.557,13094.26,2032.027,5351.997,13254.38,2019.457,5441.931,13142.4,2009.766,5447.972,13193.23,2026.161,5580.482,13124.23,1950.336,5292.663,13336.76,1957.595,5436.378
13288.42,2011.312,5567.479,13185.07,2034.814,5539.829,13087.71,1964.109,5524.345,13176.26,2039.797,5299.229,13095.01,2032.027,5351.807,13255.03,2019.457,5441.516,13143.11,2009.766,5448.271,13192.85,2026.161,5581.153,13124.95,1950.336,5292.386,13337.53,1957.595,5436.399
13288.25,2011.312,5568.107,13184.42,2034.814,5539.862,13088.11,1964.109,5523.833,13176.86,2039.797,5298.971,13095.64,2032.027,5351.667,13255.59,2019.457,5441.184,13143.72,2009.766,5448.503,13192.55,2026.161,5581.729,13125.54,1950.336,5292.119,13338.18,1957.595,5436.396
13287.54,2011.312,5570.456,13181.97,2034.814,5539.91,13089.68,1964.109,5521.952,13179.14,2039.797,5298.074,13098.05,2032.027,5351.212,13257.71,2019.457,5439.947,13146.04,2009.766,5449.305,13191.48,2026.161,5583.936,13127.81,1950.336,5291.183,13340.63,1957.595,5436.304
13287.18,2011.312,5571.524,13180.84,2034.814,5539.896,13090.43,1964.109,5521.11,13180.2,2039.797,5297.696,13099.17,2032.027,5351.038,13258.67,2019.457,5439.367,13147.11,2009.766,5449.639,13191.02,2026.161,5584.964,13128.86,1950.336,5290.787,13341.76,1957.595,5436.225
13287.07,2011.312,5571.827,13180.52,2034.814,5539.881,13090.65,1964.109,5520.875,13180.51,2039.797,5297.597,13099.49,2032.027,5350.998,13258.94,2019.457,5439.192,13147.42,2009.766,5449.725,13190.89,2026.161,5585.264,13129.17,1950.336,5290.683,13342.08,1957.595,5436.191
13286.3,2011.312,5573.699,13178.5,2034.814,5539.725,13092.09,1964.109,5519.449,13182.46,2039.797,5297.045,13101.5,2032.027,5350.81,13260.63,2019.457,5438.072,13149.39,2009.766,5450.198,13190.18,2026.161,5587.158,13131.11,1950.336,5290.098,13344.08,1957.595,5435.917
13285.89,2011.312,5574.612,13177.51,2034.814,5539.616,13092.82,1964.109,5518.765,13183.41,2039.797,5296.741,13102.5,2032.027,5350.748,13261.45,2019.457,5437.497,13150.37,2009.766,5450.4,13189.86,2026.161,5588.105,13132.07,1950.336,5289.84,13345.07,1957.595,5435.75
13285.28,2011.312,5575.866,13176.13,2034.814,5539.42,13093.87,1964.109,5517.843,13184.75,2039.797,5296.361,13103.89,2032.027,5350.704,13262.57,2019.457,5436.666,13151.75,2009.766,5450.638,13189.46,2026.161,5589.439,13133.41,1950.336,5289.437,13346.44,1957.595,5435.471
13284.63,2011.312,5577.114,13174.73,2034.814,5539.219,13094.95,1964.109,5516.943,13186.11,2039.797,5295.997,13105.3,2032.027,5350.701,13263.67,2019.457,5435.795,13153.14,2009.766,5450.834,13189.09,2026.161,5590.801,13134.77,1950.336,5289.072,13347.81,1957.595,5435.144
13283.91,2011.312,5578.375,13173.3,2034.814,5539.011,13096.1,1964.109,5516.05,13187.52,2039.797,5295.639,13106.75,2032.027,5350.74,13264.79,2019.457,5434.869,13154.58,2009.766,5450.992,13188.75,2026.161,5592.212,13136.18,1950.336,5288.726,13349.21,1957.595,5434.761
13283.14,2011.312,5579.636,13171.84,2034.814,5538.8,13097.23,1964.109,5515.104,13188.96,2039.797,5295.322,13108.23,2032.027,5350.823,13265.9,2019.457,5433.893,13156.06,2009.766,5451.105,13188.45,2026.161,5593.66,13137.62,1950.336,5288.42,13350.62,1957.595,5434.325
13281.97,2011.312,5581.42,13169.73,2034.814,5538.499,13098.82,1964.109,5513.685,13191.06,2039.797,5294.933,13110.35,2032.027,5351.002,13267.46,2019.457,5432.438,13158.19,2009.766,5451.203,13188.09,2026.161,5595.76,13139.72,1950.336,5288.048,13352.64,1957.595,5433.63
13281.22,2011.312,5582.644,13168.31,2034.814,5538.3,13099.86,1964.109,5512.696,13192.48,2039.797,5294.717,13111.78,2032.027,5351.15,13268.47,2019.457,5431.429,13159.62,2009.766,5451.224,13187.89,2026.161,5597.18,13141.14,1950.336,5287.844,13353.98,1957.595,5433.118
13281.03,2011.312,5582.996,13167.91,2034.814,5538.245,13100.14,1964.109,5512.408,13192.88,2039.797,5294.669,13112.18,2032.027,5351.203,13268.75,2019.457,5431.136,13160.02,2009.766,5451.217,13187.85,2026.161,5597.582,13141.54,1950.336,5287.799,13354.35,1957.595,5432.962
13279.88,2011.312,5585.199,13165.44,2034.814,5537.919,13101.83,1964.109,5510.58,13195.35,2039.797,5294.457,13114.63,2032.027,5351.602,13270.41,2019.457,5429.279,13162.51,2009.766,5451.096,13187.65,2026.161,5600.061,13144.02,1950.336,5287.607,13356.61,1957.595,5431.925
13279.53,2011.312,5585.922,13164.65,2034.814,5537.818,13102.35,1964.109,5509.972,13196.16,2039.797,5294.415,13115.42,2032.027,5351.752,13270.92,2019.457,5428.664,13163.31,2009.766,5451.032,13187.62,2026.161,5600.862,13144.82,1950.336,5287.545,13357.33,1957.595,5431.566
13278.71,2011.312,5587.773,13162.64,2034.814,5537.574,13103.62,1964.109,5508.397,13198.18,2039.797,5294.374,13117.4,2032.027,5352.187,13272.17,2019.457,5427.073,13165.32,2009.766,5450.807,13187.59,2026.161,5602.885,13146.84,1950.336,5287.455,13359.1,1957.595,5430.604
13278.38,2011.312,5588.595,13161.76,2034.814,5537.473,13104.16,1964.109,5507.689,13199.07,2039.797,5294.385,13118.26,2032.027,5352.374,13272.7,2019.457,5426.359,13166.2,2009.766,5450.681,13187.6,2026.161,5603.771,13147.73,1950.336,5287.434,13359.87,1957.595,5430.157
13277.93,2011.312,5589.829,13160.46,2034.814,5537.331,13104.91,1964.109,5506.616,13200.38,2039.797,5294.429,13119.55,2032.027,5352.649,13273.44,2019.457,5425.278,13167.49,2009.766,5450.454,13187.66,2026.161,5605.083,13149.04,1950.336,5287.432,13360.98,1957.595,5429.458
13277.59,2011.312,5590.848,13159.39,2034.814,5537.181,13105.5,1964.109,5505.718,13201.45,2039.797,5294.453,13120.6,2032.027,5352.872,13274.02,2019.457,5424.375,13168.54,2009.766,5450.233,13187.74,2026.161,5606.153,13150.11,1950.336,5287.454,13361.87,1957.595,5428.858
13277.04,2011.312,5592.723,13157.47,2034.814,5536.845,13106.52,1964.109,5504.051,13203.4,2039.797,5294.425,13122.51,2032.027,5353.274,13275.03,2019.457,5422.7,13170.44,2009.766,5449.771,13187.96,2026.161,5608.095,13152.07,1950.336,5287.534,13363.45,1957.595,5427.712
13276.64,2011.312,5594.292,13155.88,2034.814,5536.514,13107.32,1964.109,5502.64,13205.03,2039.797,5294.455,13124.09,2032.027,5353.604,13275.86,2019.457,5421.31,13172,2009.766,5449.336,13188.18,2026.161,5609.701,13153.68,1950.336,5287.633,13364.74,1957.595,5426.732
13276.57,2011.312,5594.602,13155.57,2034.814,5536.439,13107.46,1964.109,5502.359,13205.34,2039.797,5294.471,13124.4,2032.027,5353.667,13276.02,2019.457,5421.038,13172.3,2009.766,5449.242,13188.23,2026.161,5610.014,13154,1950.336,5287.66,13364.99,1957.595,5426.535
13276.24,2011.312,5596.318,13153.89,2034.814,5535.974,13108.22,1964.109,5500.787,13207.09,2039.797,5294.493,13126.11,2032.027,5354.019,13276.96,2019.457,5419.563,13173.95,2009.766,5448.665,13188.58,2026.161,5611.725,13155.74,1950.336,5287.841,13366.33,1957.595,5425.415
13276.11,2011.312,5597.188,13153.05,2034.814,5535.711,13108.58,1964.109,5499.982,13207.97,2039.797,5294.533,13126.98,2032.027,5354.194,13277.45,2019.457,5418.834,13174.77,2009.766,5448.348,13188.78,2026.161,5612.582,13156.61,1950.336,5287.95,13366.99,1957.595,5424.834
13275.89,2011.312,5598.968,13151.36,2034.814,5535.122,13109.25,1964.109,5498.319,13209.76,2039.797,5294.645,13128.74,2032.027,5354.501,13278.5,2019.457,5417.379,13176.42,2009.766,5447.646,13189.13,2026.161,5614.341,13158.38,1950.336,5288.208,13368.31,1957.595,5423.619
13275.81,2011.312,5599.89,13150.49,2034.814,5534.789,13109.57,1964.109,5497.45,13210.68,2039.797,5294.732,13129.66,2032.027,5354.634,13279.06,2019.457,5416.645,13177.26,2009.766,5447.256,13189.28,2026.161,5615.255,13159.3,1950.336,5288.36,13368.98,1957.595,5422.975
13275.73,2011.312,5601.199,13149.28,2034.814,5534.3,13110,1964.109,5496.211,13211.98,2039.797,5294.898,13130.96,2032.027,5354.785,13279.89,2019.457,5415.628,13178.43,2009.766,5446.666,13189.45,2026.161,5616.555,13160.58,1950.336,5288.601,13369.89,1957.595,5422.041
13275.69,2011.312,5602.643,13147.93,2034.814,5533.773,13110.44,1964.109,5494.838,13213.41,2039.797,5295.07,13132.4,2032.027,5354.913,13280.83,2019.457,5414.535,13179.7,2009.766,5445.973,13189.59,2026.161,5617.992,13162,1950.336,5288.896,13370.88,1957.595,5420.987
13275.7,2011.312,5604.104,13146.57,2034.814,5533.254,13110.87,1964.109,5493.44,13214.86,2039.797,5295.292,13133.86,2032.027,5355.001,13281.82,2019.457,5413.457,13180.96,2009.766,5445.231,13189.69,2026.161,5619.45,13163.42,1950.336,5289.223,13371.85,1957.595,5419.896
13275.76,2011.312,5605.572,13145.19,2034.814,5532.748,13111.27,1964.109,5492.028,13216.32,2039.797,5295.466,13135.33,2032.027,5355.051,13282.84,2019.457,5412.401,13182.2,2009.766,5444.444,13189.74,2026.161,5620.918,13164.85,1950.336,5289.58,13372.8,1957.595,5418.775
13275.86,2011.312,5607.004,13143.84,2034.814,5532.268,13111.64,1964.109,5490.642,13217.73,2039.797,5295.684,13136.76,2032.027,5355.062,13283.86,2019.457,5411.397,13183.38,2009.766,5443.635,13189.74,2026.161,5622.354,13166.23,1950.336,5289.956,13373.7,1957.595,5417.657
13276.01,2011.312,5608.377,13142.53,2034.814,5531.822,13111.97,1964.109,5489.302,13219.11,2039.797,5295.848,13138.14,2032.027,5355.035,13284.88,2019.457,5410.458,13184.5,2009.766,5442.821,13189.7,2026.161,5623.734,13167.56,1950.336,5290.342,13374.54,1957.595,5416.56
13276.19,2011.312,5609.701,13141.26,2034.814,5531.407,13112.27,1964.109,5488.001,13220.43,2039.797,5296.05,13139.47,2032.027,5354.974,13285.88,2019.457,5409.574,13185.55,2009.766,5441.998,13189.61,2026.161,5625.067,13168.83,1950.336,5290.74,13375.32,1957.595,5415.479
13276.41,2011.312,5610.986,13140.02,2034.814,5531.019,13112.55,1964.109,5486.728,13221.66,2039.797,5296.458,13140.77,2032.027,5355.07,13286.87,2019.457,5408.735,13186.55,2009.766,5441.162,13189.49,2026.161,5626.364,13170.09,1950.336,5291.086,13376.06,1957.595,5414.404
13276.66,2011.312,5612.221,13138.81,2034.814,5530.661,13112.8,1964.109,5485.492,13222.87,2039.797,5296.812,13142.02,2032.027,5355.252,13287.86,2019.457,5407.947,13187.49,2009.766,5440.322,13189.33,2026.161,5627.615,13171.27,1950.336,5291.521,13376.75,1957.595,5413.347
13276.91,2011.312,5613.287,13137.76,2034.814,5530.365,13113,1964.109,5484.416,13223.89,2039.797,5297.224,13143.11,2032.027,5355.375,13288.73,2019.457,5407.28,13188.28,2009.766,5439.566,13189.16,2026.161,5628.696,13172.31,1950.336,5291.865,13377.32,1957.595,5412.413
13277.26,2011.312,5615.011,13136.06,2034.814,5529.917,13113.29,1964.109,5482.683,13225.54,2039.797,5297.833,13144.86,2032.027,5355.516,13290.14,2019.457,5406.236,13189.52,2009.766,5438.311,13188.83,2026.161,5630.423,13174,1950.336,5292.363,13378.2,1957.595,5410.89
13277.32,2011.312,5615.391,13135.68,2034.814,5529.824,13113.35,1964.109,5482.302,13225.89,2039.797,5297.98,13145.25,2032.027,5355.568,13290.44,2019.457,5405.997,13189.79,2009.766,5438.044,13188.74,2026.161,5630.799,13174.37,1950.336,5292.46,13378.4,1957.595,5410.562
13277.59,2011.312,5617.328,13133.78,2034.814,5529.387,13113.63,1964.109,5480.368,13227.73,2039.797,5298.666,13147.19,2032.027,5355.769,13291.94,2019.457,5404.736,13191.25,2009.766,5436.736,13188.25,2026.161,5632.692,13176.24,1950.336,5293.013,13379.49,1957.595,5408.937
13277.61,2011.312,5617.594,13133.52,2034.814,5529.332,13113.67,1964.109,5480.103,13227.98,2039.797,5298.751,13147.46,2032.027,5355.788,13292.13,2019.457,5404.557,13191.45,2009.766,5436.563,13188.18,2026.161,5632.949,13176.49,1950.336,5293.115,13379.64,1957.595,5408.719
13277.72,2011.312,5619.174,13131.96,2034.814,5529.031,13113.86,1964.109,5478.531,13229.5,2039.797,5299.208,13149.03,2032.027,5355.987,13293.37,2019.457,5403.567,13192.68,2009.766,5435.569,13187.69,2026.161,5634.454,13177.97,1950.336,5293.67,13380.61,1957.595,5407.462
13277.75,2011.312,5619.913,13131.24,2034.814,5528.904,13113.94,1964.109,5477.797,13230.21,2039.797,5299.398,13149.76,2032.027,5356.056,13293.93,2019.457,5403.087,13193.27,2009.766,5435.121,13187.43,2026.161,5635.149,13178.67,1950.336,5293.907,13381.08,1957.595,5406.891
13277.75,2011.312,5621.271,13129.89,2034.814,5528.694,13114.07,1964.109,5476.446,13231.47,2039.797,5299.898,13151.12,2032.027,5356.139,13294.95,2019.457,5402.185,13194.37,2009.766,5434.324,13186.93,2026.161,5636.41,13179.95,1950.336,5294.372,13381.97,1957.595,5405.869
13277.73,2011.312,5622.159,13129.01,2034.814,5528.574,13114.15,1964.109,5475.563,13232.31,2039.797,5300.197,13152.01,2032.027,5356.164,13295.68,2019.457,5401.685,13195.1,2009.766,5433.815,13186.63,2026.161,5637.245,13180.79,1950.336,5294.647,13382.58,1957.595,5405.221
13277.71,2011.312,5622.398,13128.78,2034.814,5528.546,13114.17,1964.109,5475.324,13232.53,2039.797,5300.285,13152.25,2032.027,5356.17,13295.88,2019.457,5401.544,13195.3,2009.766,5433.683,13186.55,2026.161,5637.473,13181.03,1950.336,5294.714,13382.75,1957.595,5405.052
13277.6,2011.312,5623.64,13127.54,2034.814,5528.424,13114.26,1964.109,5474.081,13233.68,2039.797,5300.771,13153.49,2032.027,5356.244,13296.86,2019.457,5400.777,13196.34,2009.766,5432.997,13186.21,2026.161,5638.671,13182.23,1950.336,5295.024,13383.66,1957.595,5404.199
13277.4,2011.312,5625.166,13126.01,2034.814,5528.224,13114.33,1964.109,5472.544,13235.08,2039.797,5301.399,13155.03,2032.027,5356.321,13298.04,2019.457,5399.792,13197.63,2009.766,5432.168,13185.83,2026.161,5640.161,13183.74,1950.336,5295.354,13384.81,1957.595,5403.185
13277.3,2011.312,5625.763,13125.41,2034.814,5528.125,13114.37,1964.109,5471.94,13235.63,2039.797,5301.657,13155.63,2032.027,5356.332,13298.49,2019.457,5399.391,13198.15,2009.766,5431.859,13185.7,2026.161,5640.752,13184.33,1950.336,5295.447,13385.25,1957.595,5402.771
13277.21,2011.312,5626.222,13124.96,2034.814,5528.034,13114.39,1964.109,5471.473,13236.05,2039.797,5301.857,13156.1,2032.027,5356.326,13298.83,2019.457,5399.069,13198.56,2009.766,5431.632,13185.61,2026.161,5641.211,13184.79,1950.336,5295.533,13385.58,1957.595,5402.44
13277.09,2011.312,5626.746,13124.43,2034.814,5527.912,13114.43,1964.109,5470.937,13236.54,2039.797,5302.089,13156.64,2032.027,5356.302,13299.21,2019.457,5398.687,13199.04,2009.766,5431.387,13185.53,2026.161,5641.743,13185.32,1950.336,5295.63,13385.95,1957.595,5402.048
13276.7,2011.312,5627.883,13123.27,2034.814,5527.6,13114.47,1964.109,5469.733,13237.63,2039.797,5302.587,13157.84,2032.027,5356.211,13300.03,2019.457,5397.804,13200.13,2009.766,5430.872,13185.42,2026.161,5642.942,13186.5,1950.336,5295.887,13386.75,1957.595,5401.143
13276.63,2011.312,5628.12,13123.03,2034.814,5527.528,13114.49,1964.109,5469.486,13237.86,2039.797,5302.694,13158.08,2032.027,5356.185,13300.19,2019.457,5397.617,13200.36,2009.766,5430.773,13185.39,2026.161,5643.189,13186.74,1950.336,5295.948,13386.9,1957.595,5400.951
13276.33,2011.312,5629.173,13122,2034.814,5527.177,13114.53,1964.109,5468.394,13238.84,2039.797,5303.167,13159.17,2032.027,5356.034,13300.88,2019.457,5396.77,13201.37,2009.766,5430.369,13185.23,2026.161,5644.269,13187.76,1950.336,5296.326,13387.58,1957.595,5400.098
13276.22,2011.312,5629.662,13121.53,2034.814,5527,13114.55,1964.109,5467.892,13239.29,2039.797,5303.386,13159.66,2032.027,5355.949,13301.19,2019.457,5396.371,13201.84,2009.766,5430.198,13185.13,2026.161,5644.763,13188.24,1950.336,5296.484,13387.89,1957.595,5399.695
13275.95,2011.312,5630.283,13120.9,2034.814,5526.742,13114.6,1964.109,5467.22,13239.9,2039.797,5303.67,13160.32,2032.027,5355.814,13301.58,2019.457,5395.823,13202.49,2009.766,5429.989,13184.99,2026.161,5645.42,13188.89,1950.336,5296.676,13388.27,1957.595,5399.143
13275.72,2011.312,5630.889,13120.31,2034.814,5526.475,13114.68,1964.109,5466.575,13240.5,2039.797,5303.932,13160.96,2032.027,5355.665,13301.94,2019.457,5395.285,13203.11,2009.766,5429.807,13184.82,2026.161,5646.049,13189.5,1950.336,5296.878,13388.65,1957.595,5398.613
13275.51,2011.312,5631.487,13119.75,2034.814,5526.195,13114.77,1964.109,5465.948,13241.08,2039.797,5304.181,13161.57,2032.027,5355.499,13302.28,2019.457,5394.75,13203.72,2009.766,5429.649,13184.65,2026.161,5646.656,13190.11,1950.336,5297.055,13389,1957.595,5398.085
13275.28,2011.312,5632.11,13119.16,2034.814,5525.881,13114.87,1964.109,5465.292,13241.69,2039.797,5304.431,13162.2,2032.027,5355.305,13302.62,2019.457,5394.18,13204.37,2009.766,5429.503,13184.44,2026.161,5647.288,13190.76,1950.336,5297.22,13389.34,1957.595,5397.519
13275,2011.312,5632.648,13118.63,2034.814,5525.578,13114.99,1964.109,5464.696,13242.26,2039.797,5304.654,13162.78,2032.027,5355.109,13302.94,2019.457,5393.66,13204.97,2009.766,5429.389,13184.32,2026.161,5647.883,13191.35,1950.336,5297.352,13389.64,1957.595,5396.991
13274.83,2011.312,5632.998,13118.3,2034.814,5525.374,13115.08,1964.109,5464.318,13242.62,2039.797,5304.791,13163.14,2032.027,5354.973,13303.13,2019.457,5393.323,13205.35,2009.766,5429.328,13184.23,2026.161,5648.26,13191.73,1950.336,5297.441,13389.83,1957.595,5396.648
13274.48,2011.312,5633.801,13117.57,2034.814,5524.886,13115.27,1964.109,5463.461,13243.45,2039.797,5305.081,13163.95,2032.027,5354.638,13303.55,2019.457,5392.551,13206.22,2009.766,5429.218,13183.99,2026.161,5649.107,13192.59,1950.336,5297.615,13390.31,1957.595,5395.915
13274.4,2011.312,5633.992,13117.41,2034.814,5524.765,13115.32,1964.109,5463.259,13243.65,2039.797,5305.149,13164.14,2032.027,5354.552,13303.64,2019.457,5392.366,13206.43,2009.766,5429.198,13183.93,2026.161,5649.306,13192.79,1950.336,5297.649,13390.42,1957.595,5395.737
13274.1,2011.312,5634.737,13116.77,2034.814,5524.277,13115.54,1964.109,5462.491,13244.41,2039.797,5305.387,13164.86,2032.027,5354.201,13304.03,2019.457,5391.667,13207.23,2009.766,5429.148,13183.67,2026.161,5650.062,13193.58,1950.336,5297.756,13390.84,1957.595,5395.059
13273.97,2011.312,5635.084,13116.48,2034.814,5524.042,13115.66,1964.109,5462.138,13244.77,2039.797,5305.486,13165.19,2032.027,5354.027,13304.23,2019.457,5391.349,13207.6,2009.766,5429.136,13183.54,2026.161,5650.413,13193.96,1950.336,5297.794,13391.03,1957.595,5394.737
13273.85,2011.312,5635.559,13116.12,2034.814,5523.719,13115.83,1964.109,5461.679,13245.24,2039.797,5305.601,13165.61,2032.027,5353.785,13304.49,2019.457,5390.939,13208.09,2009.766,5429.136,13183.37,2026.161,5650.868,13194.44,1950.336,5297.828,13391.26,1957.595,5394.307
13273.73,2011.312,5636.015,13115.77,2034.814,5523.396,13116.01,1964.109,5461.24,13245.71,2039.797,5305.697,13166.02,2032.027,5353.537,13304.76,2019.457,5390.55,13208.56,2009.766,5429.151,13183.21,2026.161,5651.314,13194.92,1950.336,5297.857,13391.48,1957.595,5393.89
13273.54,2011.312,5636.627,13115.32,2034.814,5522.942,13116.24,1964.109,5460.643,13246.34,2039.797,5305.807,13166.55,2032.027,5353.185,13305.15,2019.457,5390.036,13209.2,2009.766,5429.191,13183.01,2026.161,5651.926,13195.56,1950.336,5297.875,13391.78,1957.595,5393.319
13273.44,2011.312,5636.905,13115.12,2034.814,5522.728,13116.34,1964.109,5460.369,13246.63,2039.797,5305.847,13166.79,2032.027,5353.016,13305.33,2019.457,5389.807,13209.49,2009.766,5429.218,13182.94,2026.161,5652.208,13195.85,1950.336,5297.875,13391.93,1957.595,5393.068
13273.28,2011.312,5637.273,13114.85,2034.814,5522.427,13116.49,1964.109,5459.995,13247.03,2039.797,5305.89,13167.12,2032.027,5352.775,13305.59,2019.457,5389.502,13209.89,2009.766,5429.268,13182.82,2026.161,5652.591,13196.25,1950.336,5297.86,13392.15,1957.595,5392.736
13273.12,2011.312,5637.652,13114.59,2034.814,5522.108,13116.63,1964.109,5459.609,13247.44,2039.797,5305.92,13167.45,2032.027,5352.539,13305.87,2019.457,5389.197,13210.3,2009.766,5429.307,13182.68,2026.161,5652.98,13196.66,1950.336,5297.832,13392.37,1957.595,5392.387
13272.91,2011.312,5638.089,13114.29,2034.814,5521.723,13116.8,1964.109,5459.154,13247.93,2039.797,5305.939,13167.86,2032.027,5352.273,13306.21,2019.457,5388.849,13210.79,2009.766,5429.338,13182.51,2026.161,5653.434,13197.15,1950.336,5297.782,13392.65,1957.595,5391.985
13272.77,2011.312,5638.37,13114.11,2034.814,5521.47,13116.91,1964.109,5458.863,13248.24,2039.797,5305.942,13168.13,2032.027,5352.111,13306.43,2019.457,5388.633,13211.1,2009.766,5429.348,13182.39,2026.161,5653.723,13197.45,1950.336,5297.741,13392.81,1957.595,5391.721
13272.51,2011.312,5638.843,13113.81,2034.814,5521.021,13117.1,1964.109,5458.357,13248.78,2039.797,5305.928,13168.6,2032.027,5351.846,13306.83,2019.457,5388.271,13211.64,2009.766,5429.35,13182.18,2026.161,5654.219,13197.99,1950.336,5297.651,13393.11,1957.595,5391.272
13272.31,2011.312,5639.14,13113.62,2034.814,5520.717,13117.23,1964.109,5458.023,13249.13,2039.797,5305.908,13168.91,2032.027,5351.68,13307.1,2019.457,5388.041,13212,2009.766,5429.34,13182.03,2026.161,5654.543,13198.34,1950.336,5297.636,13393.32,1957.595,5390.981
13272.19,2011.312,5639.308,13113.52,2034.814,5520.537,13117.31,1964.109,5457.83,13249.34,2039.797,5305.889,13169.1,2032.027,5351.59,13307.27,2019.457,5387.912,13212.2,2009.766,5429.328,13181.93,2026.161,5654.729,13198.55,1950.336,5297.62,13393.44,1957.595,5390.81
13271.79,2011.312,5639.792,13113.22,2034.814,5519.98,13117.54,1964.109,5457.244,13249.97,2039.797,5305.811,13169.68,2032.027,5351.335,13307.78,2019.457,5387.537,13212.83,2009.766,5429.274,13181.63,2026.161,5655.281,13199.18,1950.336,5297.574,13393.82,1957.595,5390.303
13271.65,2011.312,5639.946,13113.13,2034.814,5519.793,13117.62,1964.109,5457.052,13250.18,2039.797,5305.795,13169.87,2032.027,5351.257,13307.95,2019.457,5387.419,13213.04,2009.766,5429.25,13181.52,2026.161,5655.46,13199.39,1950.336,5297.558,13393.93,1957.595,5390.132
13271.46,2011.312,5640.139,13113.02,2034.814,5519.55,13117.73,1964.109,5456.809,13250.44,2039.797,5305.767,13170.12,2032.027,5351.166,13308.17,2019.457,5387.275,13213.3,2009.766,5429.212,13181.38,2026.161,5655.684,13199.66,1950.336,5297.533,13394.09,1957.595,5389.918
13271.24,2011.312,5640.354,13112.9,2034.814,5519.267,13117.86,1964.109,5456.529,13250.75,2039.797,5305.725,13170.41,2032.027,5351.07,13308.44,2019.457,5387.118,13213.61,2009.766,5429.161,13181.2,2026.161,5655.937,13199.96,1950.336,5297.494,13394.29,1957.595,5389.678
13271.01,2011.312,5640.563,13112.79,2034.814,5518.976,13117.99,1964.109,5456.249,13251.05,2039.797,5305.688,13170.71,2032.027,5350.983,13308.71,2019.457,5386.968,13213.91,2009.766,5429.102,13181.02,2026.161,5656.187,13200.27,1950.336,5297.465,13394.49,1957.595,5389.441
13270.79,2011.312,5640.754,13112.7,2034.814,5518.697,13118.12,1964.109,5455.985,13251.34,2039.797,5305.642,13171,2032.027,5350.91,13308.97,2019.457,5386.834,13214.2,2009.766,5429.04,13180.84,2026.161,5656.418,13200.56,1950.336,5297.448,13394.68,1957.595,5389.224
13270.57,2011.312,5640.933,13112.61,2034.814,5518.424,13118.25,1964.109,5455.731,13251.63,2039.797,5305.588,13171.28,2032.027,5350.848,13309.22,2019.457,5386.696,13214.48,2009.766,5428.974,13180.65,2026.161,5656.636,13200.85,1950.336,5297.428,13394.88,1957.595,5389.019
13270.34,2011.312,5641.115,13112.54,2034.814,5518.145,13118.39,1964.109,5455.476,13251.91,2039.797,5305.543,13171.56,2032.027,5350.794,13309.48,2019.457,5386.564,13214.76,2009.766,5428.903,13180.46,2026.161,5656.851,13201.14,1950.336,5297.398,13395.09,1957.595,5388.818
13269.91,2011.312,5641.393,13112.42,2034.814,5517.646,13118.63,1964.109,5455.026,13252.41,2039.797,5305.447,13172.06,2032.027,5350.668,13309.94,2019.457,5386.34,13215.25,2009.766,5428.772,13180.1,2026.161,5657.219,13201.64,1950.336,5297.313,13395.47,1957.595,5388.474
13269.73,2011.312,5641.5,13112.38,2034.814,5517.441,13118.73,1964.109,5454.845,13252.61,2039.797,5305.392,13172.26,2032.027,5350.624,13310.13,2019.457,5386.255,13215.45,2009.766,5428.717,13179.95,2026.161,5657.364,13201.85,1950.336,5297.286,13395.62,1957.595,5388.326
13269.23,2011.312,5641.821,13112.29,2034.814,5516.854,13119.03,1964.109,5454.33,13253.19,2039.797,5305.254,13172.83,2032.027,5350.455,13310.69,2019.457,5386.058,13216.02,2009.766,5428.553,13179.51,2026.161,5657.765,13202.43,1950.336,5297.187,13396.05,1957.595,5387.917
13268.98,2011.312,5642.018,13112.24,2034.814,5516.541,13119.19,1964.109,5454.058,13253.5,2039.797,5305.19,13173.14,2032.027,5350.375,13310.98,2019.457,5385.943,13216.33,2009.766,5428.464,13179.27,2026.161,5657.97,13202.74,1950.336,5297.114,13396.29,1957.595,5387.708
13268.5,2011.312,5642.443,13112.18,2034.814,5515.899,13119.53,1964.109,5453.506,13254.13,2039.797,5305.041,13173.77,2032.027,5350.233,13311.6,2019.457,5385.766,13216.95,2009.766,5428.278,13178.77,2026.161,5658.372,13203.37,1950.336,5296.985,13396.78,1957.595,5387.296
13267.95,2011.312,5642.956,13112.13,2034.814,5515.15,13119.92,1964.109,5452.867,13254.85,2039.797,5304.844,13174.49,2032.027,5350.044,13312.32,2019.457,5385.537,13217.67,2009.766,5428.085,13178.17,2026.161,5658.821,13204.12,1950.336,5296.9,13397.38,1957.595,5386.836
13267.8,2011.312,5643.103,13112.13,2034.814,5514.942,13120.03,1964.109,5452.691,13255.05,2039.797,5304.783,13174.69,2032.027,5349.986,13312.52,2019.457,5385.495,13217.87,2009.766,5428.038,13178,2026.161,5658.941,13204.32,1950.336,5296.87,13397.54,1957.595,5386.714
13267.1,2011.312,5643.853,13112.13,2034.814,5513.911,13120.59,1964.109,5451.824,13256.03,2039.797,5304.451,13175.67,2032.027,5349.663,13313.53,2019.457,5385.257,13218.88,2009.766,5427.836,13177.13,2026.161,5659.507,13205.34,1950.336,5296.686,13398.4,1957.595,5386.136
13266.74,2011.312,5644.26,13112.14,2034.814,5513.367,13120.89,1964.109,5451.37,13256.54,2039.797,5304.261,13176.18,2032.027,5349.477,13314.05,2019.457,5385.115,13219.42,2009.766,5427.747,13176.67,2026.161,5659.791,13205.87,1950.336,5296.572,13398.86,1957.595,5385.847
13265.91,2011.312,5645.261,13112.23,2034.814,5512.069,13121.61,1964.109,5450.29,13257.75,2039.797,5303.772,13177.39,2032.027,5348.992,13315.29,2019.457,5384.733,13220.71,2009.766,5427.574,13175.54,2026.161,5660.438,13207.13,1950.336,5296.257,13399.98,1957.595,5385.19
13265.34,2011.312,5645.986,13112.32,2034.814,5511.154,13122.13,1964.109,5449.533,13258.59,2039.797,5303.403,13178.23,2032.027,5348.622,13316.16,2019.457,5384.435,13221.62,2009.766,5427.481,13174.73,2026.161,5660.871,13208.02,1950.336,5296.006,13400.79,1957.595,5384.753
13265.22,2011.312,5646.155,13112.34,2034.814,5510.947,13122.25,1964.109,5449.36,13258.78,2039.797,5303.314,13178.42,2032.027,5348.535,13316.36,2019.457,5384.373,13221.83,2009.766,5427.466,13174.54,2026.161,5660.963,13208.22,1950.336,5295.946,13400.98,1957.595,5384.66
13264.4,2011.312,5647.354,13112.47,2034.814,5509.504,13123.04,1964.109,5448.147,13260.06,2039.797,5302.649,13179.73,2032.027,5347.911,13317.76,2019.457,5383.991,13223.28,2009.766,5427.411,13173.23,2026.161,5661.571,13209.6,1950.336,5295.508,13402.3,1957.595,5384.055
13263.7,2011.312,5648.457,13112.59,2034.814,5508.204,13123.75,1964.109,5447.046,13261.21,2039.797,5302.014,13180.9,2032.027,5347.328,13319.03,2019.457,5383.687,13224.59,2009.766,5427.401,13172.03,2026.161,5662.085,13210.84,1950.336,5295.096,13403.49,1957.595,5383.534
13263.44,2011.312,5648.902,13112.64,2034.814,5507.689,13124.02,1964.109,5446.607,13261.65,2039.797,5301.749,13181.36,2032.027,5347.089,13319.54,2019.457,5383.582,13225.11,2009.766,5427.414,13171.55,2026.161,5662.276,13211.33,1950.336,5294.925,13403.98,1957.595,5383.343
13262.97,2011.312,5649.748,13112.72,2034.814,5506.729,13124.52,1964.109,5445.785,13262.48,2039.797,5301.262,13182.21,2032.027,5346.63,13320.48,2019.457,5383.379,13226.07,2009.766,5427.468,13170.64,2026.161,5662.606,13212.23,1950.336,5294.595,13404.88,1957.595,5383.018
13262.49,2011.312,5650.713,13112.81,2034.814,5505.651,13125.08,1964.109,5444.856,13263.42,2039.797,5300.721,13183.15,2032.027,5346.097,13321.53,2019.457,5383.116,13227.15,2009.766,5427.563,13169.62,2026.161,5662.951,13213.24,1950.336,5294.209,13405.91,1957.595,5382.686
13262.1,2011.312,5651.536,13112.89,2034.814,5504.747,13125.53,1964.109,5444.072,13264.21,2039.797,5300.27,13183.93,2032.027,5345.634,13322.42,2019.457,5382.925,13228.05,2009.766,5427.671,13168.75,2026.161,5663.218,13214.09,1950.336,5293.875,13406.79,1957.595,5382.436
13261.64,2011.312,5652.604,13112.98,2034.814,5503.588,13126.11,1964.109,5443.064,13265.21,2039.797,5299.675,13184.92,2032.027,5345.023,13323.56,2019.457,5382.707,13229.2,2009.766,5427.846,13167.63,2026.161,5663.533,13215.16,1950.336,5293.434,13407.91,1957.595,5382.128
13261.03,2011.312,5654.175,13113.1,2034.814,5501.906,13126.94,1964.109,5441.594,13266.64,2039.797,5298.79,13186.33,2032.027,5344.108,13325.22,2019.457,5382.429,13230.86,2009.766,5428.152,13166,2026.161,5663.952,13216.71,1950.336,5292.777,13409.54,1957.595,5381.699
13260.75,2011.312,5654.959,13113.16,2034.814,5501.078,13127.34,1964.109,5440.867,13267.34,2039.797,5298.342,13187.02,2032.027,5343.643,13326.05,2019.457,5382.311,13231.67,2009.766,5428.329,13165.19,2026.161,5664.141,13217.48,1950.336,5292.445,13410.34,1957.595,5381.497
13260.38,2011.312,5656.104,13113.24,2034.814,5499.878,13127.91,1964.109,5439.81,13268.34,2039.797,5297.68,13188,2032.027,5342.949,13327.24,2019.457,5382.167,13232.83,2009.766,5428.622,13164.01,2026.161,5664.388,13218.57,1950.336,5291.953,13411.51,1957.595,5381.215
13259.91,2011.312,5657.774,13113.34,2034.814,5498.147,13128.73,1964.109,5438.279,13269.78,2039.797,5296.701,13189.4,2032.027,5341.917,13328.97,2019.457,5381.998,13234.5,2009.766,5429.099,13162.3,2026.161,5664.711,13220.15,1950.336,5291.226,13413.2,1957.595,5380.824
13259.7,2011.312,5658.646,13113.39,2034.814,5497.25,13129.14,1964.109,5437.484,13270.51,2039.797,5296.184,13190.11,2032.027,5341.367,13329.86,2019.457,5381.93,13235.36,2009.766,5429.373,13161.42,2026.161,5664.86,13220.96,1950.336,5290.841,13414.08,1957.595,5380.63
13259.38,2011.312,5660.13,13113.46,2034.814,5495.735,13129.84,1964.109,5436.137,13271.76,2039.797,5295.327,13191.29,2032.027,5340.412,13331.37,2019.457,5381.811,13236.79,2009.766,5429.881,13159.92,2026.161,5665.085,13222.32,1950.336,5290.176,13415.56,1957.595,5380.315
13258.89,2011.312,5662.092,13113.63,2034.814,5493.72,13130.81,1964.109,5434.363,13273.47,2039.797,5294.239,13192.9,2032.027,5339.19,13333.38,2019.457,5381.585,13238.71,2009.766,5430.5,13157.93,2026.161,5665.45,13224.11,1950.336,5289.231,13417.53,1957.595,5379.84
13258.45,2011.312,5663.624,13113.81,2034.814,5492.138,13131.61,1964.109,5432.985,13274.84,2039.797,5293.427,13194.2,2032.027,5338.27,13334.97,2019.457,5381.423,13240.24,2009.766,5430.942,13156.37,2026.161,5665.788,13225.49,1950.336,5288.44,13419.09,1957.595,5379.516
13258.34,2011.312,5663.973,13113.86,2034.814,5491.776,13131.8,1964.109,5432.673,13275.16,2039.797,5293.25,13194.5,2032.027,5338.068,13335.33,2019.457,5381.375,13240.6,2009.766,5431.033,13156.02,2026.161,5665.877,13225.82,1950.336,5288.27,13419.45,1957.595,5379.454
13257.75,2011.312,5665.618,13114.17,2034.814,5490.057,13132.75,1964.109,5431.208,13276.71,2039.797,5292.458,13195.99,2032.027,5337.155,13337.05,2019.457,5381.091,13242.3,2009.766,5431.415,13154.34,2026.161,5666.359,13227.38,1950.336,5287.498,13421.18,1957.595,5379.211
13257.17,2011.312,5667.114,13114.51,2034.814,5488.486,13133.66,1964.109,5429.882,13278.17,2039.797,5291.775,13197.39,2032.027,5336.359,13338.63,2019.457,5380.782,13243.88,2009.766,5431.719,13152.81,2026.161,5666.853,13228.8,1950.336,5286.741,13422.78,1957.595,5379.055
13256.77,2011.312,5668.021,13114.75,2034.814,5487.528,13134.23,1964.109,5429.082,13279.08,2039.797,5291.385,13198.26,2032.027,5335.898,13339.59,2019.457,5380.561,13244.86,2009.766,5431.875,13151.88,2026.161,5667.187,13229.69,1950.336,5286.304,13423.76,1957.595,5379.029
13256.21,2011.312,5669.208,13115.11,2034.814,5486.265,13135.03,1964.109,5428.036,13280.3,2039.797,5290.904,13199.44,2032.027,5335.323,13340.86,2019.457,5380.227,13246.16,2009.766,5432.039,13150.66,2026.161,5667.671,13230.88,1950.336,5285.763,13425.07,1957.595,5378.953
13255.71,2011.312,5670.371,13115.45,2034.814,5485.047,13135.78,1964.109,5427.021,13281.47,2039.797,5290.418,13200.57,2032.027,5334.749,13342.1,2019.457,5379.933,13247.41,2009.766,5432.237,13149.47,2026.161,5668.102,13232.03,1950.336,5285.229,13426.34,1957.595,5378.881
13255.26,2011.312,5671.519,13115.79,2034.814,5483.86,13136.51,1964.109,5426.027,13282.6,2039.797,5289.922,13201.66,2032.027,5334.167,13343.3,2019.457,5379.673,13248.62,2009.766,5432.469,13148.3,2026.161,5668.486,13233.14,1950.336,5284.697,13427.57,1957.595,5378.814
13254.86,2011.312,5672.64,13116.11,2034.814,5482.713,13137.21,1964.109,5425.062,13283.68,2039.797,5289.423,13202.7,2032.027,5333.586,13344.47,2019.457,5379.449,13249.78,2009.766,5432.731,13147.16,2026.161,5668.823,13234.21,1950.336,5284.173,13428.76,1957.595,5378.752
13254.43,2011.312,5673.953,13116.47,2034.814,5481.385,13138.01,1964.109,5423.938,13284.92,2039.797,5288.822,13203.89,2032.027,5332.89,13345.83,2019.457,5379.219,13251.12,2009.766,5433.077,13145.82,2026.161,5669.172,13235.44,1950.336,5283.553,13430.13,1957.595,5378.682
13254.13,2011.312,5675.014,13116.77,2034.814,5480.321,13138.64,1964.109,5423.034,13285.9,2039.797,5288.322,13204.83,2032.027,5332.313,13346.92,2019.457,5379.058,13252.18,2009.766,5433.388,13144.75,2026.161,5669.42,13236.42,1950.336,5283.047,13431.24,1957.595,5378.628
13253.87,2011.312,5676.065,13117.05,2034.814,5479.276,13139.25,1964.109,5422.142,13286.86,2039.797,5287.815,13205.74,2032.027,5331.728,13348,2019.457,5378.922,13253.21,2009.766,5433.726,13143.68,2026.161,5669.632,13237.38,1950.336,5282.54,13432.32,1957.595,5378.578
13253.65,2011.312,5677.081,13117.32,2034.814,5478.272,13139.84,1964.109,5421.283,13287.77,2039.797,5287.313,13206.6,2032.027,5331.147,13349.03,2019.457,5378.813,13254.18,2009.766,5434.083,13142.66,2026.161,5669.807,13238.29,1950.336,5282.044,13433.36,1957.595,5378.532
13253.45,2011.312,5677.872,13117.55,2034.814,5477.492,13140.27,1964.109,5420.594,13288.5,2039.797,5286.942,13207.29,2032.027,5330.714,13349.84,2019.457,5378.702,13254.96,2009.766,5434.337,13141.86,2026.161,5669.965,13239.05,1950.336,5281.737,13434.17,1957.595,5378.469
13253.18,2011.312,5678.821,13117.87,2034.814,5476.558,13140.77,1964.109,5419.743,13289.39,2039.797,5286.522,13208.14,2032.027,5330.217,13350.81,2019.457,5378.536,13255.91,2009.766,5434.615,13140.9,2026.161,5670.184,13239.95,1950.336,5281.334,13435.15,1957.595,5378.36
13252.54,2011.312,5680.782,13118.6,2034.814,5474.629,13141.76,1964.109,5417.934,13291.28,2039.797,5285.704,13209.96,2032.027,5329.237,13352.83,2019.457,5378.125,13257.9,2009.766,5435.132,13138.9,2026.161,5670.7,13241.83,1950.336,5280.479,13437.19,1957.595,5378.067
13252.47,2011.312,5680.979,13118.68,2034.814,5474.437,13141.87,1964.109,5417.754,13291.47,2039.797,5285.627,13210.14,2032.027,5329.144,13353.03,2019.457,5378.077,13258.1,2009.766,5435.178,13138.7,2026.161,5670.757,13242.02,1950.336,5280.399,13437.39,1957.595,5378.03
13252.4,2011.312,5681.172,13118.76,2034.814,5474.247,13141.98,1964.109,5417.578,13291.67,2039.797,5285.557,13210.33,2032.027,5329.057,13353.23,2019.457,5378.022,13258.31,2009.766,5435.217,13138.5,2026.161,5670.821,13242.21,1950.336,5280.325,13437.6,1957.595,5377.987
13251.75,2011.312,5682.661,13119.48,2034.814,5472.792,13142.8,1964.109,5416.18,13293.21,2039.797,5285.06,13211.83,2032.027,5328.427,13354.79,2019.457,5377.548,13259.91,2009.766,5435.47,13136.97,2026.161,5671.362,13243.76,1950.336,5279.845,13439.2,1957.595,5377.735
13251.57,2011.312,5683.042,13119.66,2034.814,5472.413,13143.03,1964.109,5415.824,13293.62,2039.797,5284.944,13212.22,2032.027,5328.276,13355.18,2019.457,5377.412,13260.33,2009.766,5435.522,13136.58,2026.161,5671.515,13244.17,1950.336,5279.766,13439.61,1957.595,5377.657
13251.16,2011.312,5683.846,13120.06,2034.814,5471.599,13143.5,1964.109,5415.059,13294.49,2039.797,5284.694,13213.07,2032.027,5327.968,13356.03,2019.457,5377.109,13261.23,2009.766,5435.606,13135.75,2026.161,5671.869,13245.06,1950.336,5279.589,13440.5,1957.595,5377.499
13250.72,2011.312,5684.648,13120.46,2034.814,5470.774,13143.99,1964.109,5414.279,13295.37,2039.797,5284.439,13213.94,2032.027,5327.67,13356.89,2019.457,5376.79,13262.14,2009.766,5435.661,13134.92,2026.161,5672.254,13245.96,1950.336,5279.4,13441.41,1957.595,5377.344
13250.41,2011.312,5685.16,13120.72,2034.814,5470.24,13144.3,1964.109,5413.772,13295.94,2039.797,5284.274,13214.5,2032.027,5327.487,13357.45,2019.457,5376.574,13262.74,2009.766,5435.678,13134.39,2026.161,5672.521,13246.54,1950.336,5279.271,13441.99,1957.595,5377.249
13249.86,2011.312,5686.025,13121.17,2034.814,5469.316,13144.83,1964.109,5412.895,13296.93,2039.797,5283.987,13215.49,2032.027,5327.191,13358.4,2019.457,5376.188,13263.77,2009.766,5435.674,13133.48,2026.161,5673.012,13247.54,1950.336,5279.039,13443.01,1957.595,5377.091
13249.35,2011.312,5686.755,13121.56,2034.814,5468.521,13145.29,1964.109,5412.135,13297.78,2039.797,5283.739,13216.34,2032.027,5326.952,13359.22,2019.457,5375.842,13264.65,2009.766,5435.642,13132.72,2026.161,5673.46,13248.4,1950.336,5278.83,13443.89,1957.595,5376.961
13248.79,2011.312,5687.522,13121.98,2034.814,5467.667,13145.78,1964.109,5411.317,13298.69,2039.797,5283.472,13217.27,2032.027,5326.714,13360.09,2019.457,5375.457,13265.6,2009.766,5435.577,13131.91,2026.161,5673.967,13249.32,1950.336,5278.596,13444.83,1957.595,5376.828
13247.79,2011.312,5688.79,13122.7,2034.814,5466.221,13146.6,1964.109,5409.929,13300.24,2039.797,5283.019,13218.84,2032.027,5326.345,13361.55,2019.457,5374.781,13267.21,2009.766,5435.415,13130.57,2026.161,5674.87,13250.88,1950.336,5278.184,13446.43,1957.595,5376.614
13247.08,2011.312,5689.632,13123.22,2034.814,5465.25,13147.21,1964.109,5409.013,13301.31,2039.797,5282.744,13219.92,2032.027,5326.127,13362.54,2019.457,5374.288,13268.3,2009.766,5435.27,13129.68,2026.161,5675.515,13251.96,1950.336,5277.938,13447.52,1957.595,5376.433
13246.94,2011.312,5689.792,13123.33,2034.814,5465.064,13147.34,1964.109,5408.839,13301.52,2039.797,5282.697,13220.13,2032.027,5326.091,13362.73,2019.457,5374.186,13268.51,2009.766,5435.234,13129.51,2026.161,5675.646,13252.17,1950.336,5277.896,13447.73,1957.595,5376.39
13245.92,2011.312,5690.847,13124.1,2034.814,5463.823,13148.15,1964.109,5407.624,13302.95,2039.797,5282.423,13221.58,2032.027,5325.895,13363.99,2019.457,5373.447,13269.95,2009.766,5434.948,13128.38,2026.161,5676.577,13253.61,1950.336,5277.663,13449.15,1957.595,5376.055
13245.37,2011.312,5691.385,13124.53,2034.814,5463.184,13148.58,1964.109,5406.986,13303.71,2039.797,5282.304,13222.34,2032.027,5325.816,13364.64,2019.457,5373.038,13270.7,2009.766,5434.774,13127.8,2026.161,5677.086,13254.38,1950.336,5277.565,13449.89,1957.595,5375.854
13244.56,2011.312,5692.125,13125.17,2034.814,5462.293,13149.2,1964.109,5406.077,13304.8,2039.797,5282.169,13223.44,2032.027,5325.739,13365.55,2019.457,5372.424,13271.76,2009.766,5434.491,13127,2026.161,5677.837,13255.46,1950.336,5277.416,13450.94,1957.595,5375.533
13243.64,2011.312,5692.914,13125.78,2034.814,5461.249,13149.91,1964.109,5405.096,13306.01,2039.797,5282.059,13224.65,2032.027,5325.693,13366.53,2019.457,5371.714,13272.92,2009.766,5434.141,13126.15,2026.161,5678.695,13256.64,1950.336,5277.133,13452.09,1957.595,5375.142
13242.67,2011.312,5693.693,13126.45,2034.814,5460.197,13150.61,1964.109,5404.065,13307.25,2039.797,5281.985,13225.89,2032.027,5325.685,13367.52,2019.457,5370.953,13274.1,2009.766,5433.744,13125.3,2026.161,5679.604,13257.86,1950.336,5276.882,13453.25,1957.595,5374.701
13240.69,2011.312,5695.186,13127.85,2034.814,5458.142,13151.94,1964.109,5401.968,13309.73,2039.797,5281.758,13228.38,2032.027,5325.748,13369.43,2019.457,5369.37,13276.43,2009.766,5432.876,13123.66,2026.161,5681.473,13260.31,1950.336,5276.46,13455.55,1957.595,5373.745
13240,2011.312,5695.666,13128.29,2034.814,5457.436,13152.41,1964.109,5401.277,13310.55,2039.797,5281.655,13229.21,2032.027,5325.796,13370.09,2019.457,5368.859,13277.2,2009.766,5432.56,13123.13,2026.161,5682.119,13261.13,1950.336,5276.325,13456.31,1957.595,5373.398
13239.78,2011.312,5695.812,13128.43,2034.814,5457.206,13152.57,1964.109,5401.062,13310.82,2039.797,5281.614,13229.48,2032.027,5325.82,13370.31,2019.457,5368.703,13277.44,2009.766,5432.451,13122.97,2026.161,5682.331,13261.4,1950.336,5276.291,13456.55,1957.595,5373.28
13237.6,2011.312,5697.138,13129.75,2034.814,5455.027,13154,1964.109,5398.958,13313.32,2039.797,5281.14,13232,2032.027,5326.131,13372.42,2019.457,5367.278,13279.73,2009.766,5431.337,13121.48,2026.161,5684.4,13263.93,1950.336,5276.044,13458.79,1957.595,5372.074
13236.99,2011.312,5697.485,13130.13,2034.814,5454.438,13154.42,1964.109,5398.388,13314.02,2039.797,5281.032,13232.7,2032.027,5326.237,13373.02,2019.457,5366.904,13280.36,2009.766,5431.01,13121.09,2026.161,5684.985,13264.64,1950.336,5275.999,13459.4,1957.595,5371.721
13235.83,2011.312,5698.092,13130.85,2034.814,5453.348,13155.16,1964.109,5397.315,13315.31,2039.797,5280.874,13233.98,2032.027,5326.47,13374.15,2019.457,5366.245,13281.49,2009.766,5430.366,13120.4,2026.161,5686.093,13265.93,1950.336,5275.849,13460.51,1957.595,5371.029
13234.09,2011.312,5698.94,13131.96,2034.814,5451.749,13156.14,1964.109,5395.635,13317.26,2039.797,5280.807,13235.89,2032.027,5326.865,13375.86,2019.457,5365.319,13283.15,2009.766,5429.354,13119.42,2026.161,5687.775,13267.87,1950.336,5275.69,13462.19,1957.595,5370.053
13233.17,2011.312,5699.351,13132.57,2034.814,5450.951,13156.68,1964.109,5394.783,13318.26,2039.797,5280.74,13236.87,2032.027,5327.096,13376.75,2019.457,5364.869,13284,2009.766,5428.804,13118.95,2026.161,5688.661,13268.88,1950.336,5275.641,13463.08,1957.595,5369.577
13231.3,2011.312,5700.114,13133.75,2034.814,5449.313,13157.8,1964.109,5393.11,13320.28,2039.797,5280.789,13238.82,2032.027,5327.608,13378.59,2019.457,5364.024,13285.65,2009.766,5427.647,13118.05,2026.161,5690.469,13270.89,1950.336,5275.607,13464.88,1957.595,5368.681
13230.33,2011.312,5700.476,13134.38,2034.814,5448.491,13158.41,1964.109,5392.27,13321.31,2039.797,5280.8,13239.81,2032.027,5327.898,13379.54,2019.457,5363.621,13286.48,2009.766,5427.026,13117.62,2026.161,5691.412,13271.93,1950.336,5275.624,13465.74,1957.595,5368.104
13228.85,2011.312,5700.975,13135.31,2034.814,5447.233,13159.35,1964.109,5391.021,13322.88,2039.797,5280.765,13241.3,2032.027,5328.372,13381,2019.457,5363.06,13287.7,2009.766,5426.052,13117.02,2026.161,5692.854,13273.49,1950.336,5275.701,13467.07,1957.595,5367.277
13227.32,2011.312,5701.436,13136.3,2034.814,5445.984,13160.35,1964.109,5389.781,13324.45,2039.797,5280.51,13242.82,2032.027,5328.846,13382.51,2019.457,5362.536,13288.92,2009.766,5425.022,13116.45,2026.161,5694.343,13275.08,1950.336,5275.831,13468.45,1957.595,5366.48
13225.76,2011.312,5701.855,13137.26,2034.814,5444.692,13161.4,1964.109,5388.559,13326.05,2039.797,5280.305,13244.37,2032.027,5329.294,13384.04,2019.457,5362.052,13290.11,2009.766,5423.94,13115.93,2026.161,5695.869,13276.69,1950.336,5275.729,13469.87,1957.595,5365.718
13224.16,2011.312,5702.234,13138.29,2034.814,5443.407,13162.44,1964.109,5387.277,13327.69,2039.797,5280.149,13245.96,2032.027,5329.7,13385.63,2019.457,5361.608,13291.37,2009.766,5422.878,13115.44,2026.161,5697.442,13278.33,1950.336,5275.678,13471.35,1957.595,5364.989
13222,2011.312,5702.68,13139.54,2034.814,5441.587,13163.88,1964.109,5385.604,13329.89,2039.797,5280.012,13248.12,2032.027,5330.174,13387.77,2019.457,5361.081,13293.1,2009.766,5421.508,13114.86,2026.161,5699.573,13280.54,1950.336,5275.683,13473.36,1957.595,5364.076
13220.89,2011.312,5702.875,13140.21,2034.814,5440.68,13164.62,1964.109,5384.757,13331.02,2039.797,5279.955,13249.23,2032.027,5330.389,13388.88,2019.457,5360.846,13294.01,2009.766,5420.837,13114.6,2026.161,5700.669,13281.67,1950.336,5275.722,13474.4,1957.595,5363.644
13219.04,2011.312,5703.262,13141.38,2034.814,5439.2,13165.88,1964.109,5383.352,13332.9,2039.797,5279.921,13251.09,2032.027,5330.706,13390.73,2019.457,5360.512,13295.56,2009.766,5419.766,13114.11,2026.161,5702.489,13283.55,1950.336,5275.688,13476.16,1957.595,5362.978
13217.1,2011.312,5703.736,13142.52,2034.814,5437.557,13167.22,1964.109,5381.878,13334.87,2039.797,5279.574,13253.06,2032.027,5330.999,13392.71,2019.457,5360.222,13297.24,2009.766,5418.686,13113.52,2026.161,5704.397,13285.55,1950.336,5275.623,13478.05,1957.595,5362.334
13215.86,2011.312,5704.081,13143.28,2034.814,5436.523,13168.1,1964.109,5380.938,13336.14,2039.797,5279.392,13254.34,2032.027,5331.156,13393.99,2019.457,5360.073,13298.34,2009.766,5418.026,13113.1,2026.161,5705.612,13286.83,1950.336,5275.624,13479.28,1957.595,5361.96
13214.18,2011.312,5704.61,13144.34,2034.814,5435.113,13169.29,1964.109,5379.636,13337.88,2039.797,5279.086,13256.08,2032.027,5331.43,13395.74,2019.457,5359.923,13299.88,2009.766,5417.17,13112.47,2026.161,5707.259,13288.6,1950.336,5275.566,13480.99,1957.595,5361.503
13212.5,2011.312,5705.201,13145.41,2034.814,5433.694,13170.47,1964.109,5378.311,13339.62,2039.797,5278.721,13257.83,2032.027,5331.763,13397.52,2019.457,5359.824,13301.47,2009.766,5416.356,13111.78,2026.161,5708.902,13290.37,1950.336,5275.418,13482.72,1957.595,5361.097
13210.81,2011.312,5705.857,13146.52,2034.814,5432.256,13171.67,1964.109,5376.951,13341.41,2039.797,5278.408,13259.62,2032.027,5332.056,13399.33,2019.457,5359.774,13303.11,2009.766,5415.581,13111.03,2026.161,5710.551,13292.18,1950.336,5275.326,13484.5,1957.595,5360.741
13208.08,2011.312,5707.024,13148.34,2034.814,5429.911,13173.62,1964.109,5374.707,13344.35,2039.797,5277.991,13262.57,2032.027,5332.443,13402.31,2019.457,5359.778,13305.83,2009.766,5414.395,13109.7,2026.161,5713.212,13295.16,1950.336,5275.273,13487.43,1957.595,5360.254
13207.66,2011.312,5707.218,13148.63,2034.814,5429.549,13173.92,1964.109,5374.356,13344.81,2039.797,5277.941,13263.03,2032.027,5332.489,13402.77,2019.457,5359.792,13306.26,2009.766,5414.225,13109.48,2026.161,5713.617,13295.62,1950.336,5275.226,13487.89,1957.595,5360.194
13205.28,2011.312,5708.42,13150.29,2034.814,5427.472,13175.63,1964.109,5372.322,13347.47,2039.797,5277.741,13265.68,2032.027,5332.67,13405.42,2019.457,5359.958,13308.76,2009.766,5413.321,13108.14,2026.161,5715.916,13298.25,1950.336,5274.885,13490.54,1957.595,5359.931
13204.18,2011.312,5709.019,13151.08,2034.814,5426.5,13176.43,1964.109,5371.36,13348.71,2039.797,5277.607,13266.93,2032.027,5332.722,13406.67,2019.457,5360.075,13309.95,2009.766,5412.934,13107.47,2026.161,5716.975,13299.5,1950.336,5274.765,13491.79,1957.595,5359.848
13202.56,2011.312,5709.968,13152.27,2034.814,5425.048,13177.62,1964.109,5369.906,13350.57,2039.797,5277.345,13268.81,2032.027,5332.748,13408.53,2019.457,5360.307,13311.76,2009.766,5412.409,13106.42,2026.161,5718.534,13301.38,1950.336,5274.646,13493.66,1957.595,5359.785
13200.96,2011.312,5710.975,13153.48,2034.814,5423.593,13178.81,1964.109,5368.431,13352.44,2039.797,5277.02,13270.7,2032.027,5332.721,13410.41,2019.457,5360.595,13313.59,2009.766,5411.938,13105.32,2026.161,5720.072,13303.27,1950.336,5274.589,13495.56,1957.595,5359.783
13199.37,2011.312,5712.041,13154.71,2034.814,5422.133,13180,1964.109,5366.935,13354.31,2039.797,5276.632,13272.61,2032.027,5332.639,13412.29,2019.457,5360.937,13315.46,2009.766,5411.521,13104.15,2026.161,5721.586,13305.18,1950.336,5274.649,13497.47,1957.595,5359.844
13197.81,2011.312,5713.159,13155.96,2034.814,5420.678,13181.18,1964.109,5365.427,13356.18,2039.797,5276.183,13274.53,2032.027,5332.499,13414.16,2019.457,5361.326,13317.35,2009.766,5411.163,13102.93,2026.161,5723.067,13307.1,1950.336,5274.674,13499.38,1957.595,5359.968
13196.27,2011.312,5714.339,13157.24,2034.814,5419.214,13182.37,1964.109,5363.892,13358.05,2039.797,5275.668,13276.46,2032.027,5332.299,13416.06,2019.457,5361.758,13319.26,2009.766,5410.861,13101.65,2026.161,5724.526,13309.04,1950.336,5274.635,13501.32,1957.595,5360.157
13194.76,2011.312,5715.575,13158.53,2034.814,5417.755,13183.56,1964.109,5362.343,13359.94,2039.797,5275.213,13278.39,2032.027,5332.038,13417.95,2019.457,5362.222,13321.2,2009.766,5410.619,13100.32,2026.161,5725.948,13310.99,1950.336,5274.533,13503.25,1957.595,5360.41
13193.28,2011.312,5716.868,13159.84,2034.814,5416.296,13184.74,1964.109,5360.776,13361.87,2039.797,5274.818,13280.33,2032.027,5331.713,13419.87,2019.457,5362.623,13323.15,2009.766,5410.437,13098.93,2026.161,5727.336,13312.94,1950.336,5274.366,13505.19,1957.595,5360.728
13191.8,2011.312,5718.168,13161.17,2034.814,5414.843,13185.91,1964.109,5359.196,13363.81,2039.797,5274.484,13282.26,2032.027,5331.326,13421.79,2019.457,5363.083,13325.12,2009.766,5410.316,13097.51,2026.161,5728.71,13314.91,1950.336,5274.204,13507.14,1957.595,5360.965
13190.27,2011.312,5719.43,13162.52,2034.814,5413.387,13187.09,1964.109,5357.594,13365.78,2039.797,5274.183,13284.2,2032.027,5330.874,13423.71,2019.457,5363.599,13327.11,2009.766,5410.257,13096.04,2026.161,5730.051,13316.88,1950.336,5273.976,13509.12,1957.595,5361.218
13188.71,2011.312,5720.681,13163.9,2034.814,5411.937,13188.26,1964.109,5355.977,13367.76,2039.797,5273.944,13286.13,2032.027,5330.357,13425.65,2019.457,5364.056,13329.11,2009.766,5410.26,13094.53,2026.161,5731.354,13318.86,1950.336,5273.681,13511.09,1957.595,5361.536
13187.07,2011.312,5721.855,13165.29,2034.814,5410.491,13189.43,1964.109,5354.344,13369.76,2039.797,5273.767,13288.05,2032.027,5329.777,13427.62,2019.457,5364.452,13331.12,2009.766,5410.327,13093.14,2026.161,5732.805,13320.87,1950.336,5273.524,13513.06,1957.595,5361.921
13185.47,2011.312,5723.089,13166.71,2034.814,5409.049,13190.6,1964.109,5352.694,13371.78,2039.797,5273.652,13289.97,2032.027,5329.132,13429.62,2019.457,5364.787,13333.14,2009.766,5410.458,13091.69,2026.161,5734.219,13322.88,1950.336,5273.3,13515.04,1957.595,5362.373
13183.8,2011.312,5724.241,13168.15,2034.814,5407.617,13191.76,1964.109,5351.031,13373.81,2039.797,5273.6,13291.91,2032.027,5328.548,13431.63,2019.457,5365.059,13335.17,2009.766,5410.523,13090.19,2026.161,5735.59,13324.91,1950.336,5273.268,13517.03,1957.595,5362.762
13181.82,2011.312,5725.703,13169.91,2034.814,5405.897,13193.16,1964.109,5349.005,13376.27,2039.797,5273.613,13294.29,2032.027,5327.917,13434.08,2019.457,5365.311,13337.63,2009.766,5410.521,13088.38,2026.161,5737.254,13327.37,1950.336,5273.147,13519.46,1957.595,5363.154
13180.55,2011.312,5726.706,13171.08,2034.814,5404.78,13194.07,1964.109,5347.668,13377.89,2039.797,5273.672,13295.87,2032.027,5327.554,13435.7,2019.457,5365.425,13339.24,2009.766,5410.631,13087.2,2026.161,5738.358,13328.98,1950.336,5273.016,13521.06,1957.595,5363.359
13178.33,2011.312,5728.578,13173.2,2034.814,5402.8,13195.69,1964.109,5345.262,13380.79,2039.797,5273.866,13298.72,2032.027,5326.995,13438.59,2019.457,5365.539,13342.14,2009.766,5410.732,13085.01,2026.161,5740.267,13331.86,1950.336,5272.686,13523.95,1957.595,5363.632
13176.76,2011.312,5729.93,13174.73,2034.814,5401.405,13196.84,1964.109,5343.538,13382.85,2039.797,5274.056,13300.76,2032.027,5326.663,13440.67,2019.457,5365.554,13344.21,2009.766,5410.737,13083.41,2026.161,5741.577,13333.92,1950.336,5272.517,13526.01,1957.595,5363.869
13176.02,2011.312,5730.532,13175.44,2034.814,5400.768,13197.36,1964.109,5342.736,13383.8,2039.797,5274.171,13301.71,2032.027,5326.541,13441.62,2019.457,5365.53,13345.17,2009.766,5410.818,13082.68,2026.161,5742.208,13334.88,1950.336,5272.47,13526.96,1957.595,5363.947
13173.63,2011.312,5732.461,13177.67,2034.814,5398.65,13199.13,1964.109,5340.224,13386.85,2039.797,5274.537,13304.77,2032.027,5326.248,13444.69,2019.457,5365.359,13348.23,2009.766,5410.976,13080.31,2026.161,5744.151,13337.95,1950.336,5272.421,13530.03,1957.595,5364.098
13172.5,2011.312,5733.297,13178.65,2034.814,5397.649,13199.97,1964.109,5339.102,13388.23,2039.797,5274.746,13306.17,2032.027,5326.159,13446.09,2019.457,5365.237,13349.64,2009.766,5411.002,13079.19,2026.161,5745.003,13339.35,1950.336,5272.323,13531.44,1957.595,5364.121
13170.85,2011.312,5734.607,13180.08,2034.814,5396.099,13201.29,1964.109,5337.459,13390.31,2039.797,5275.119,13308.28,2032.027,5326.096,13448.18,2019.457,5364.987,13351.75,2009.766,5410.973,13077.58,2026.161,5746.358,13341.46,1950.336,5272.245,13533.54,1957.595,5364.086
13169.04,2011.312,5735.691,13181.46,2034.814,5394.5,13202.67,1964.109,5335.86,13392.38,2039.797,5275.505,13310.39,2032.027,5326.101,13450.27,2019.457,5364.671,13353.86,2009.766,5410.985,13075.92,2026.161,5747.661,13343.57,1950.336,5272.236,13535.65,1957.595,5363.982
13167.24,2011.312,5736.826,13182.9,2034.814,5392.94,13204.11,1964.109,5334.297,13394.46,2039.797,5275.954,13312.51,2032.027,5326.176,13452.36,2019.457,5364.288,13355.97,2009.766,5411.154,13074.2,2026.161,5748.916,13345.69,1950.336,5272.155,13537.77,1957.595,5363.978
13165.49,2011.312,5738.02,13184.29,2034.814,5391.334,13205.55,1964.109,5332.735,13396.55,2039.797,5276.334,13314.63,2032.027,5326.32,13454.46,2019.457,5363.973,13358.09,2009.766,5411.253,13072.45,2026.161,5750.115,13347.81,1950.336,5272.143,13539.9,1957.595,5363.903
13164.09,2011.312,5739.323,13185.48,2034.814,5389.842,13206.89,1964.109,5331.374,13398.44,2039.797,5276.615,13316.54,2032.027,5326.31,13456.35,2019.457,5363.752,13360,2009.766,5411.28,13071,2026.161,5751.364,13349.72,1950.336,5272.169,13541.8,1957.595,5363.774
13161.02,2011.312,5742.001,13188.13,2034.814,5386.746,13209.88,1964.109,5328.611,13402.48,2039.797,5277.082,13320.61,2032.027,5326.419,13460.41,2019.457,5363.413,13364.05,2009.766,5411.725,13068.01,2026.161,5754.125,13353.8,1950.336,5272.216,13545.88,1957.595,5363.832
13160.57,2011.312,5742.282,13188.49,2034.814,5386.351,13210.27,1964.109,5328.249,13403.02,2039.797,5277.125,13321.14,2032.027,5326.451,13460.95,2019.457,5363.386,13364.58,2009.766,5411.766,13067.67,2026.161,5754.537,13354.33,1950.336,5272.209,13546.41,1957.595,5363.896
13158.84,2011.312,5743.423,13189.91,2034.814,5384.858,13211.89,1964.109,5326.958,13405.08,2039.797,5277.253,13323.21,2032.027,5326.507,13463.01,2019.457,5363.348,13366.65,2009.766,5411.858,13066.3,2026.161,5756.081,13356.4,1950.336,5272.248,13548.46,1957.595,5364.088
13157.3,2011.312,5744.519,13191.27,2034.814,5383.536,13213.32,1964.109,5325.73,13406.94,2039.797,5277.607,13325.1,2032.027,5326.599,13464.9,2019.457,5363.374,13368.54,2009.766,5411.882,13065,2026.161,5757.452,13358.28,1950.336,5272.345,13550.34,1957.595,5364.285
13155.48,2011.312,5745.857,13192.93,2034.814,5382.006,13215.2,1964.109,5324.466,13409.17,2039.797,5277.958,13327.36,2032.027,5326.784,13467.16,2019.457,5363.479,13370.8,2009.766,5411.839,13063.38,2026.161,5759.042,13360.55,1950.336,5272.375,13552.6,1957.595,5364.497
13153.92,2011.312,5747.077,13194.43,2034.814,5380.719,13216.8,1964.109,5323.31,13411.11,2039.797,5278.338,13329.33,2032.027,5326.88,13469.13,2019.457,5363.635,13372.78,2009.766,5411.808,13061.93,2026.161,5760.383,13362.52,1950.336,5272.447,13554.57,1957.595,5364.561
13152.32,2011.312,5748.132,13195.93,2034.814,5379.518,13218.37,1964.109,5322.205,13413,2039.797,5278.659,13331.24,2032.027,5327.037,13471.04,2019.457,5363.848,13374.69,2009.766,5411.717,13060.48,2026.161,5761.638,13364.44,1950.336,5272.581,13556.49,1957.595,5364.653
13151.26,2011.312,5748.883,13196.93,2034.814,5378.686,13219.4,1964.109,5321.405,13414.29,2039.797,5278.834,13332.53,2032.027,5327.185,13472.33,2019.457,5364.035,13375.99,2009.766,5411.619,13059.47,2026.161,5762.456,13365.73,1950.336,5272.713,13557.78,1957.595,5364.758
13149.12,2011.312,5750.327,13198.96,2034.814,5377.085,13221.48,1964.109,5319.876,13416.88,2039.797,5278.909,13335.1,2032.027,5327.524,13474.88,2019.457,5364.457,13378.57,2009.766,5411.506,13057.41,2026.161,5764.016,13368.3,1950.336,5273.021,13560.35,1957.595,5365.051
13148.11,2011.312,5750.967,13199.92,2034.814,5376.38,13222.47,1964.109,5319.205,13418.07,2039.797,5278.927,13336.28,2032.027,5327.641,13476.06,2019.457,5364.613,13379.76,2009.766,5411.494,13056.44,2026.161,5764.702,13369.49,1950.336,5273.042,13561.53,1957.595,5365.225
13146.44,2011.312,5752.109,13201.58,2034.814,5375.228,13224.17,1964.109,5318.119,13420.09,2039.797,5278.913,13338.29,2032.027,5327.85,13478.07,2019.457,5364.812,13381.79,2009.766,5411.538,13054.75,2026.161,5765.814,13371.51,1950.336,5272.904,13563.55,1957.595,5365.254
13145.25,2011.312,5752.971,13202.81,2034.814,5374.431,13225.44,1964.109,5317.372,13421.56,2039.797,5278.951,13339.76,2032.027,5327.953,13479.53,2019.457,5364.951,13383.25,2009.766,5411.538,13053.55,2026.161,5766.661,13372.97,1950.336,5272.852,13565.02,1957.595,5365.324
13143.29,2011.312,5754.299,13204.84,2034.814,5373.211,13227.54,1964.109,5316.291,13423.92,2039.797,5279.089,13342.12,2032.027,5328.103,13481.89,2019.457,5365.166,13385.62,2009.766,5411.616,13051.66,2026.161,5768.089,13375.34,1950.336,5272.845,13567.38,1957.595,5365.514
13142.84,2011.312,5754.536,13205.29,2034.814,5372.961,13227.99,1964.109,5316.04,13424.43,2039.797,5279.136,13342.63,2032.027,5328.152,13482.4,2019.457,5365.229,13386.13,2009.766,5411.643,13051.25,2026.161,5768.393,13375.85,1950.336,5272.86,13567.89,1957.595,5365.572
13141.18,2011.312,5755.471,13206.87,2034.814,5371.896,13229.58,1964.109,5314.987,13426.32,2039.797,5279.371,13344.53,2032.027,5328.272,13484.3,2019.457,5365.403,13388.03,2009.766,5411.806,13049.67,2026.161,5769.47,13377.76,1950.336,5272.935,13569.79,1957.595,5365.732
13139.94,2011.312,5756.221,13208.1,2034.814,5371.128,13230.81,1964.109,5314.228,13427.72,2039.797,5279.734,13345.97,2032.027,5328.411,13485.74,2019.457,5365.542,13389.47,2009.766,5411.977,13048.54,2026.161,5770.366,13379.2,1950.336,5272.975,13571.22,1957.595,5365.901
13138.77,2011.312,5756.985,13209.3,2034.814,5370.424,13231.9,1964.109,5313.353,13429.09,2039.797,5280.042,13347.36,2032.027,5328.591,13487.13,2019.457,5365.645,13390.85,2009.766,5412.188,13047.41,2026.161,5771.196,13380.6,1950.336,5273.06,13572.61,1957.595,5366.11
13137.57,2011.312,5757.677,13210.5,2034.814,5369.723,13233.01,1964.109,5312.523,13430.45,2039.797,5280.301,13348.73,2032.027,5328.749,13488.51,2019.457,5365.79,13392.22,2009.766,5412.351,13046.35,2026.161,5772.08,13381.98,1950.336,5273.188,13573.95,1957.595,5366.438
13136.63,2011.312,5758.262,13211.46,2034.814,5369.177,13233.91,1964.109,5311.889,13431.54,2039.797,5280.473,13349.83,2032.027,5328.911,13489.6,2019.457,5365.943,13393.31,2009.766,5412.569,13045.48,2026.161,5772.759,13383.07,1950.336,5273.328,13575.03,1957.595,5366.664
13135.42,2011.312,5759.073,13212.7,2034.814,5368.418,13235.06,1964.109,5310.988,13432.99,2039.797,5280.652,13351.28,2032.027,5329.004,13491.04,2019.457,5366.191,13394.75,2009.766,5412.809,13044.3,2026.161,5773.615,13384.51,1950.336,5273.558,13576.47,1957.595,5366.916
13134.42,2011.312,5759.793,13213.8,2034.814,5367.853,13236.06,1964.109,5310.256,13434.22,2039.797,5280.792,13352.51,2032.027,5329.124,13492.26,2019.457,5366.361,13395.96,2009.766,5413.015,13043.39,2026.161,5774.452,13385.74,1950.336,5273.713,13577.68,1957.595,5367.168
13133.47,2011.312,5760.522,13214.87,2034.814,5367.31,13237.04,1964.109,5309.58,13435.41,2039.797,5280.843,13353.7,2032.027,5329.278,13493.44,2019.457,5366.565,13397.15,2009.766,5413.186,13042.48,2026.161,5775.233,13386.93,1950.336,5273.867,13578.81,1957.595,5367.544
13132.86,2011.312,5760.924,13215.51,2034.814,5366.958,13237.66,1964.109,5309.187,13436.14,2039.797,5280.897,13354.43,2032.027,5329.348,13494.16,2019.457,5366.712,13397.87,2009.766,5413.313,13041.96,2026.161,5775.739,13387.65,1950.336,5273.955,13579.51,1957.595,5367.75
13131.24,2011.312,5762.073,13217.34,2034.814,5366.18,13239.37,1964.109,5308.172,13438.11,2039.797,5281.112,13356.4,2032.027,5329.605,13496.08,2019.457,5367.191,13399.83,2009.766,5413.596,13040.48,2026.161,5777.07,13389.61,1950.336,5274.264,13581.44,1957.595,5368.249
13130.58,2011.312,5762.503,13218.06,2034.814,5365.874,13240.05,1964.109,5307.792,13438.9,2039.797,5281.194,13357.18,2032.027,5329.684,13496.85,2019.457,5367.36,13400.61,2009.766,5413.731,13039.88,2026.161,5777.579,13390.39,1950.336,5274.361,13582.19,1957.595,5368.472
13129.81,2011.312,5763.043,13218.92,2034.814,5365.48,13240.89,1964.109,5307.366,13439.83,2039.797,5281.324,13358.11,2032.027,5329.808,13497.75,2019.457,5367.642,13401.54,2009.766,5413.863,13039.17,2026.161,5778.199,13391.31,1950.336,5274.586,13583.08,1957.595,5368.768
13128.86,2011.312,5763.657,13219.94,2034.814,5364.986,13241.92,1964.109,5306.886,13440.95,2039.797,5281.488,13359.23,2032.027,5329.964,13498.84,2019.457,5367.945,13402.66,2009.766,5414.041,13038.33,2026.161,5778.959,13392.42,1950.336,5274.819,13584.15,1957.595,5369.154
13128.13,2011.312,5764.122,13220.66,2034.814,5364.522,13242.69,1964.109,5306.509,13441.81,2039.797,5281.54,13360.09,2032.027,5330.097,13499.66,2019.457,5368.225,13403.51,2009.766,5414.204,13037.68,2026.161,5779.518,13393.25,1950.336,5275.023,13584.97,1957.595,5369.422
13127.34,2011.312,5764.665,13221.49,2034.814,5364.033,13243.56,1964.109,5306.102,13442.76,2039.797,5281.628,13361.04,2032.027,5330.138,13500.58,2019.457,5368.506,13404.44,2009.766,5414.417,13036.95,2026.161,5780.145,13394.18,1950.336,5275.259,13585.87,1957.595,5369.75
13126.55,2011.312,5765.152,13222.3,2034.814,5363.585,13244.39,1964.109,5305.679,13443.69,2039.797,5281.744,13361.97,2032.027,5330.208,13501.47,2019.457,5368.75,13405.33,2009.766,5414.678,13036.23,2026.161,5780.733,13395.09,1950.336,5275.459,13586.75,1957.595,5370.039
13125.65,2011.312,5765.748,13223.18,2034.814,5362.956,13245.38,1964.109,5305.253,13444.75,2039.797,5281.913,13363.04,2032.027,5330.325,13502.47,2019.457,5369.155,13406.38,2009.766,5414.948,13035.38,2026.161,5781.399,13396.14,1950.336,5275.699,13587.79,1957.595,5370.34
13125.06,2011.312,5766.119,13223.75,2034.814,5362.57,13246.01,1964.109,5304.958,13445.43,2039.797,5282.033,13363.74,2032.027,5330.36,13503.11,2019.457,5369.422,13407.04,2009.766,5415.143,13034.82,2026.161,5781.809,13396.82,1950.336,5275.832,13588.45,1957.595,5370.555
13124.36,2011.312,5766.598,13224.47,2034.814,5362.122,13246.76,1964.109,5304.573,13446.26,2039.797,5282.207,13364.58,2032.027,5330.43,13503.9,2019.457,5369.725,13407.84,2009.766,5415.437,13034.12,2026.161,5782.289,13397.66,1950.336,5275.966,13589.26,1957.595,5370.804
13123.67,2011.312,5767.038,13225.18,2034.814,5361.71,13247.48,1964.109,5304.176,13447.08,2039.797,5282.236,13365.4,2032.027,5330.524,13504.68,2019.457,5369.992,13408.62,2009.766,5415.696,13033.46,2026.161,5782.776,13398.48,1950.336,5276.021,13590.05,1957.595,5371.034
13123.01,2011.312,5767.487,13225.87,2034.814,5361.301,13248.19,1964.109,5303.813,13447.88,2039.797,5282.26,13366.19,2032.027,5330.57,13505.44,2019.457,5370.227,13409.37,2009.766,5415.971,13032.81,2026.161,5783.229,13399.27,1950.336,5276.1,13590.8,1957.595,5371.282
13122.39,2011.312,5767.94,13226.53,2034.814,5360.907,13248.89,1964.109,5303.483,13448.65,2039.797,5282.308,13366.96,2032.027,5330.639,13506.18,2019.457,5370.428,13410.09,2009.766,5416.211,13032.16,2026.161,5783.645,13400.04,1950.336,5276.151,13591.52,1957.595,5371.545
13121.8,2011.312,5768.401,13227.17,2034.814,5360.532,13249.56,1964.109,5303.149,13449.4,2039.797,5282.336,13367.7,2032.027,5330.713,13506.9,2019.457,5370.634,13410.8,2009.766,5416.468,13031.52,2026.161,5784.03,13400.79,1950.336,5276.192,13592.23,1957.595,5371.792
13121.25,2011.312,5768.862,13227.8,2034.814,5360.181,13250.2,1964.109,5302.817,13450.12,2039.797,5282.346,13368.42,2032.027,5330.793,13507.59,2019.457,5370.841,13411.47,2009.766,5416.737,13030.89,2026.161,5784.383,13401.51,1950.336,5276.225,13592.92,1957.595,5372.021
13120.72,2011.312,5769.327,13228.42,2034.814,5359.849,13250.81,1964.109,5302.484,13450.82,2039.797,5282.338,13369.12,2032.027,5330.878,13508.26,2019.457,5371.05,13412.11,2009.766,5417.019,13030.27,2026.161,5784.708,13402.21,1950.336,5276.249,13593.58,1957.595,5372.235
13120.23,2011.312,5769.791,13229.02,2034.814,5359.538,13251.4,1964.109,5302.153,13451.49,2039.797,5282.314,13369.79,2032.027,5330.969,13508.91,2019.457,5371.259,13412.72,2009.766,5417.311,13029.66,2026.161,5785.005,13402.89,1950.336,5276.265,13594.23,1957.595,5372.434
13119.77,2011.312,5770.256,13229.61,2034.814,5359.247,13251.97,1964.109,5301.823,13452.15,2039.797,5282.275,13370.44,2032.027,5331.064,13509.53,2019.457,5371.468,13413.3,2009.766,5417.613,13029.06,2026.161,5785.275,13403.54,1950.336,5276.273,13594.86,1957.595,5372.62
13119.33,2011.312,5770.724,13230.19,2034.814,5358.972,13252.52,1964.109,5301.493,13452.79,2039.797,5282.222,13371.07,2032.027,5331.166,13510.13,2019.457,5371.679,13413.86,2009.766,5417.925,13028.47,2026.161,5785.523,13404.18,1950.336,5276.274,13595.48,1957.595,5372.793
13118.76,2011.312,5771.371,13230.97,2034.814,5358.615,13253.25,1964.109,5301.037,13453.64,2039.797,5282.13,13371.92,2032.027,5331.314,13510.94,2019.457,5371.97,13414.6,2009.766,5418.369,13027.67,2026.161,5785.834,13405.04,1950.336,5276.267,13596.31,1957.595,5373.018
13118.3,2011.312,5771.934,13231.64,2034.814,5358.325,13253.86,1964.109,5300.642,13454.37,2039.797,5282.036,13372.63,2032.027,5331.449,13511.63,2019.457,5372.224,13415.21,2009.766,5418.764,13026.98,2026.161,5786.08,13405.77,1950.336,5276.252,13597.01,1957.595,5373.2
13118.03,2011.312,5772.279,13232.04,2034.814,5358.158,13254.22,1964.109,5300.401,13454.79,2039.797,5281.969,13373.06,2032.027,5331.536,13512.03,2019.457,5372.379,13415.57,2009.766,5419.012,13026.57,2026.161,5786.216,13406.21,1950.336,5276.238,13597.43,1957.595,5373.305
13117.61,2011.312,5772.872,13232.72,2034.814,5357.89,13254.82,1964.109,5299.986,13455.51,2039.797,5281.84,13373.77,2032.027,5331.693,13512.71,2019.457,5372.646,13416.16,2009.766,5419.447,13025.87,2026.161,5786.429,13406.94,1950.336,5276.208,13598.14,1957.595,5373.474
13117.47,2011.312,5773.076,13232.95,2034.814,5357.804,13255.02,1964.109,5299.844,13455.75,2039.797,5281.791,13374.01,2032.027,5331.75,13512.94,2019.457,5372.738,13416.35,2009.766,5419.599,13025.63,2026.161,5786.495,13407.18,1950.336,5276.194,13598.38,1957.595,5373.528
13117.24,2011.312,5773.443,13233.36,2034.814,5357.66,13255.38,1964.109,5299.588,13456.18,2039.797,5281.695,13374.43,2032.027,5331.857,13513.34,2019.457,5372.903,13416.68,2009.766,5419.879,13025.21,2026.161,5786.604,13407.61,1950.336,5276.167,13598.81,1957.595,5373.62
13116.95,2011.312,5773.932,13233.9,2034.814,5357.481,13255.83,1964.109,5299.247,13456.73,2039.797,5281.566,13374.98,2032.027,5332.006,13513.86,2019.457,5373.127,13417.1,2009.766,5420.256,13024.66,2026.161,5786.735,13408.18,1950.336,5276.124,13599.36,1957.595,5373.735
13116.68,2011.312,5774.439,13234.45,2034.814,5357.309,13256.28,1964.109,5298.894,13457.29,2039.797,5281.433,13375.53,2032.027,5332.167,13514.39,2019.457,5373.364,13417.52,2009.766,5420.653,13024.1,2026.161,5786.859,13408.75,1950.336,5276.074,13599.93,1957.595,5373.848
13116.56,2011.312,5774.678,13234.71,2034.814,5357.234,13256.49,1964.109,5298.727,13457.55,2039.797,5281.37,13375.79,2032.027,5332.246,13514.63,2019.457,5373.477,13417.71,2009.766,5420.842,13023.84,2026.161,5786.913,13409.02,1950.336,5276.048,13600.19,1957.595,5373.898
13116.33,2011.312,5775.16,13235.22,2034.814,5357.095,13256.9,1964.109,5298.391,13458.07,2039.797,5281.241,13376.29,2032.027,5332.413,13515.1,2019.457,5373.71,13418.08,2009.766,5421.227,13023.32,2026.161,5787.013,13409.55,1950.336,5275.991,13600.71,1957.595,5373.993
13116.16,2011.312,5775.578,13235.66,2034.814,5356.985,13257.25,1964.109,5298.098,13458.5,2039.797,5281.129,13376.72,2032.027,5332.564,13515.51,2019.457,5373.916,13418.38,2009.766,5421.564,13022.87,2026.161,5787.093,13410,1950.336,5275.937,13601.16,1957.595,5374.071
13116,2011.312,5775.989,13236.09,2034.814,5356.886,13257.58,1964.109,5297.81,13458.93,2039.797,5281.019,13377.13,2032.027,5332.719,13515.9,2019.457,5374.123,13418.66,2009.766,5421.899,13022.44,2026.161,5787.166,13410.43,1950.336,5275.879,13601.59,1957.595,5374.144
13115.86,2011.312,5776.386,13236.5,2034.814,5356.8,13257.9,1964.109,5297.53,13459.34,2039.797,5280.904,13377.52,2032.027,5332.875,13516.27,2019.457,5374.322,13418.93,2009.766,5422.229,13022.02,2026.161,5787.231,13410.85,1950.336,5275.819,13602.01,1957.595,5374.21
13115.74,2011.312,5776.777,13236.9,2034.814,5356.724,13258.2,1964.109,5297.254,13459.73,2039.797,5280.784,13377.9,2032.027,5333.035,13516.63,2019.457,5374.518,13419.17,2009.766,5422.557,13021.62,2026.161,5787.294,13411.25,1950.336,5275.757,13602.41,1957.595,5374.271
13115.63,2011.312,5777.156,13237.29,2034.814,5356.658,13258.49,1964.109,5296.986,13460.1,2039.797,5280.661,13378.25,2032.027,5333.196,13516.97,2019.457,5374.708,13419.4,2009.766,5422.879,13021.23,2026.161,5787.352,13411.64,1950.336,5275.692,13602.8,1957.595,5374.328
13115.54,2011.312,5777.532,13237.67,2034.814,5356.602,13258.76,1964.109,5296.719,13460.46,2039.797,5280.531,13378.6,2032.027,5333.362,13517.31,2019.457,5374.895,13419.61,2009.766,5423.202,13020.84,2026.161,5787.404,13412.02,1950.336,5275.625,13603.18,1957.595,5374.381
13115.46,2011.312,5777.902,13238.05,2034.814,5356.554,13259.03,1964.109,5296.454,13460.82,2039.797,5280.397,13378.94,2032.027,5333.532,13517.64,2019.457,5375.08,13419.81,2009.766,5423.525,13020.47,2026.161,5787.454,13412.39,1950.336,5275.554,13603.56,1957.595,5374.43
13115.4,2011.312,5778.257,13238.4,2034.814,5356.516,13259.29,1964.109,5296.198,13461.15,2039.797,5280.262,13379.26,2032.027,5333.701,13517.95,2019.457,5375.258,13419.98,2009.766,5423.838,13020.11,2026.161,5787.499,13412.75,1950.336,5275.483,13603.92,1957.595,5374.475
13115.35,2011.312,5778.603,13238.75,2034.814,5356.486,13259.53,1964.109,5295.947,13461.48,2039.797,5280.141,13379.57,2032.027,5333.855,13518.25,2019.457,5375.436,13420.17,2009.766,5424.137,13019.76,2026.161,5787.54,13413.09,1950.336,5275.425,13604.26,1957.595,5374.53
13115.31,2011.312,5778.938,13239.09,2034.814,5356.464,13259.76,1964.109,5295.703,13461.8,2039.797,5280.035,13379.88,2032.027,5333.994,13518.54,2019.457,5375.614,13420.35,2009.766,5424.418,13019.43,2026.161,5787.578,13413.42,1950.336,5275.38,13604.59,1957.595,5374.594
13115.29,2011.312,5779.271,13239.42,2034.814,5356.449,13259.99,1964.109,5295.458,13462.12,2039.797,5279.941,13380.19,2032.027,5334.121,13518.82,2019.457,5375.798,13420.54,2009.766,5424.691,13019.1,2026.161,5787.614,13413.76,1950.336,5275.346,13604.92,1957.595,5374.668
13115.27,2011.312,5779.691,13239.84,2034.814,5356.44,13260.27,1964.109,5295.146,13462.53,2039.797,5279.835,13380.58,2032.027,5334.269,13519.16,2019.457,5376.04,13420.8,2009.766,5425.026,13018.68,2026.161,5787.658,13414.18,1950.336,5275.317,13605.32,1957.595,5374.774
13115.25,2011.312,5779.898,13240.05,2034.814,5356.44,13260.41,1964.109,5294.99,13462.73,2039.797,5279.79,13380.78,2032.027,5334.335,13519.33,2019.457,5376.165,13420.93,2009.766,5425.188,13018.47,2026.161,5787.686,13414.38,1950.336,5275.31,13605.52,1957.595,5374.833
13115.22,2011.312,5780.2,13240.35,2034.814,5356.446,13260.61,1964.109,5294.761,13463.03,2039.797,5279.732,13381.06,2032.027,5334.446,13519.57,2019.457,5376.354,13421.13,2009.766,5425.418,13018.18,2026.161,5787.737,13414.69,1950.336,5275.309,13605.81,1957.595,5374.929
13115.2,2011.312,5780.489,13240.64,2034.814,5356.458,13260.79,1964.109,5294.54,13463.31,2039.797,5279.668,13381.33,2032.027,5334.561,13519.79,2019.457,5376.543,13421.32,2009.766,5425.632,13017.89,2026.161,5787.781,13414.98,1950.336,5275.318,13606.08,1957.595,5375.03
13115.18,2011.312,5780.854,13241.01,2034.814,5356.482,13261.03,1964.109,5294.259,13463.67,2039.797,5279.577,13381.66,2032.027,5334.716,13520.06,2019.457,5376.789,13421.58,2009.766,5425.892,13017.53,2026.161,5787.831,13415.34,1950.336,5275.341,13606.42,1957.595,5375.167
13115.18,2011.312,5781.062,13241.21,2034.814,5356.5,13261.16,1964.109,5294.097,13463.87,2039.797,5279.519,13381.85,2032.027,5334.811,13520.21,2019.457,5376.934,13421.73,2009.766,5426.035,13017.32,2026.161,5787.857,13415.55,1950.336,5275.361,13606.61,1957.595,5375.252
13115.18,2011.312,5781.529,13241.68,2034.814,5356.55,13261.45,1964.109,5293.731,13464.31,2039.797,5279.373,13382.25,2032.027,5335.037,13520.53,2019.457,5377.27,13422.08,2009.766,5426.346,13016.86,2026.161,5787.91,13416.01,1950.336,5275.42,13607.03,1957.595,5375.457
13115.2,2011.312,5781.737,13241.89,2034.814,5356.577,13261.58,1964.109,5293.566,13464.51,2039.797,5279.302,13382.43,2032.027,5335.144,13520.67,2019.457,5377.424,13422.24,2009.766,5426.479,13016.65,2026.161,5787.931,13416.22,1950.336,5275.454,13607.22,1957.595,5375.554
13115.22,2011.312,5782.014,13242.16,2034.814,5356.619,13261.74,1964.109,5293.345,13464.76,2039.797,5279.199,13382.67,2032.027,5335.293,13520.85,2019.457,5377.636,13422.46,2009.766,5426.65,13016.37,2026.161,5787.958,13416.49,1950.336,5275.489,13607.46,1957.595,5375.691
13115.25,2011.312,5782.249,13242.39,2034.814,5356.66,13261.88,1964.109,5293.156,13464.98,2039.797,5279.104,13382.86,2032.027,5335.427,13521,2019.457,5377.821,13422.65,2009.766,5426.79,13016.14,2026.161,5787.978,13416.73,1950.336,5275.494,13607.66,1957.595,5375.815
13115.27,2011.312,5782.483,13242.62,2034.814,5356.706,13262.02,1964.109,5292.965,13465.19,2039.797,5279.004,13383.05,2032.027,5335.567,13521.14,2019.457,5378.01,13422.84,2009.766,5426.922,13015.9,2026.161,5788.006,13416.97,1950.336,5275.497,13607.86,1957.595,5375.945
13115.28,2011.312,5782.691,13242.83,2034.814,5356.751,13262.14,1964.109,5292.796,13465.39,2039.797,5278.921,13383.22,2032.027,5335.686,13521.26,2019.457,5378.181,13423.02,2009.766,5427.034,13015.7,2026.161,5788.038,13417.17,1950.336,5275.506,13608.03,1957.595,5376.065
13115.28,2011.312,5783.08,13243.21,2034.814,5356.844,13262.37,1964.109,5292.478,13465.75,2039.797,5278.779,13383.55,2032.027,5335.896,13521.47,2019.457,5378.507,13423.35,2009.766,5427.231,13015.32,2026.161,5788.11,13417.56,1950.336,5275.536,13608.34,1957.595,5376.3
13115.28,2011.312,5783.289,13243.41,2034.814,5356.898,13262.49,1964.109,5292.306,13465.94,2039.797,5278.709,13383.73,2032.027,5336.002,13521.58,2019.457,5378.685,13423.54,2009.766,5427.332,13015.11,2026.161,5788.155,13417.77,1950.336,5275.559,13608.5,1957.595,5376.431
13115.27,2011.312,5783.497,13243.61,2034.814,5356.957,13262.6,1964.109,5292.133,13466.14,2039.797,5278.646,13383.91,2032.027,5336.103,13521.68,2019.457,5378.867,13423.72,2009.766,5427.425,13014.91,2026.161,5788.207,13417.97,1950.336,5275.589,13608.66,1957.595,5376.567
13115.25,2011.312,5783.717,13243.82,2034.814,5357.024,13262.72,1964.109,5291.948,13466.36,2039.797,5278.585,13384.11,2032.027,5336.203,13521.78,2019.457,5379.063,13423.92,2009.766,5427.519,13014.7,2026.161,5788.269,13418.2,1950.336,5275.59,13608.82,1957.595,5376.717
13115.23,2011.312,5783.924,13244.02,2034.814,5357.081,13262.84,1964.109,5291.778,13466.56,2039.797,5278.535,13384.3,2032.027,5336.292,13521.87,2019.457,5379.251,13424.11,2009.766,5427.6,13014.5,2026.161,5788.333,13418.4,1950.336,5275.598,13608.97,1957.595,5376.864
13115.2,2011.312,5784.141,13244.23,2034.814,5357.133,13262.98,1964.109,5291.604,13466.77,2039.797,5278.489,13384.5,2032.027,5336.378,13521.96,2019.457,5379.452,13424.32,2009.766,5427.68,13014.29,2026.161,5788.409,13418.62,1950.336,5275.613,13609.12,1957.595,5377.023
13115.15,2011.312,5784.426,13244.51,2034.814,5357.194,13263.16,1964.109,5291.378,13467.06,2039.797,5278.437,13384.77,2032.027,5336.483,13522.06,2019.457,5379.721,13424.59,2009.766,5427.776,13014.03,2026.161,5788.517,13418.91,1950.336,5275.642,13609.31,1957.595,5377.24
13115.07,2011.312,5784.767,13244.86,2034.814,5357.256,13263.39,1964.109,5291.115,13467.4,2039.797,5278.386,13385.1,2032.027,5336.6,13522.18,2019.457,5380.049,13424.92,2009.766,5427.881,13013.71,2026.161,5788.657,13419.26,1950.336,5275.689,13609.53,1957.595,5377.508
13114.97,2011.312,5785.166,13245.26,2034.814,5357.315,13263.67,1964.109,5290.813,13467.81,2039.797,5278.339,13385.49,2032.027,5336.725,13522.31,2019.457,5380.439,13425.32,2009.766,5427.993,13013.34,2026.161,5788.835,13419.66,1950.336,5275.757,13609.78,1957.595,5377.833
13114.84,2011.312,5785.617,13245.73,2034.814,5357.368,13264,1964.109,5290.479,13468.28,2039.797,5278.301,13385.94,2032.027,5336.852,13522.44,2019.457,5380.89,13425.78,2009.766,5428.105,13012.92,2026.161,5789.052,13420.13,1950.336,5275.82,13610.06,1957.595,5378.212
13114.68,2011.312,5786.126,13246.26,2034.814,5357.411,13264.38,1964.109,5290.111,13468.81,2039.797,5278.274,13386.46,2032.027,5336.98,13522.57,2019.457,5381.408,13426.3,2009.766,5428.216,13012.45,2026.161,5789.314,13420.65,1950.336,5275.909,13610.36,1957.595,5378.655
13114.48,2011.312,5786.679,13246.85,2034.814,5357.438,13264.82,1964.109,5289.722,13469.4,2039.797,5278.265,13387.03,2032.027,5337.103,13522.74,2019.457,5381.972,13426.87,2009.766,5428.357,13011.95,2026.161,5789.619,13421.24,1950.336,5275.988,13610.67,1957.595,5379.152
13114.17,2011.312,5787.476,13247.71,2034.814,5357.451,13265.48,1964.109,5289.174,13470.26,2039.797,5278.278,13387.87,2032.027,5337.308,13523,2019.457,5382.787,13427.69,2009.766,5428.59,13011.23,2026.161,5790.087,13422.09,1950.336,5276.074,13611.11,1957.595,5379.891
13114.02,2011.312,5787.824,13248.08,2034.814,5357.444,13265.78,1964.109,5288.941,13470.64,2039.797,5278.296,13388.23,2032.027,5337.418,13523.13,2019.457,5383.144,13428.05,2009.766,5428.705,13010.92,2026.161,5790.305,13422.46,1950.336,5276.118,13611.29,1957.595,5380.225
13113.55,2011.312,5788.824,13249.19,2034.814,5357.387,13266.68,1964.109,5288.292,13471.74,2039.797,5278.385,13389.3,2032.027,5337.706,13523.54,2019.457,5384.171,13429.1,2009.766,5429.074,13010.04,2026.161,5790.968,13423.57,1950.336,5276.22,13611.78,1957.595,5381.213
13113.31,2011.312,5789.299,13249.72,2034.814,5357.343,13267.12,1964.109,5287.993,13472.27,2039.797,5278.445,13389.82,2032.027,5337.828,13523.75,2019.457,5384.66,13429.59,2009.766,5429.269,13009.62,2026.161,5791.302,13424.09,1950.336,5276.287,13612,1957.595,5381.698
13112.88,2011.312,5790.072,13250.6,2034.814,5357.24,13267.87,1964.109,5287.522,13473.14,2039.797,5278.573,13390.67,2032.027,5338.051,13524.13,2019.457,5385.459,13430.4,2009.766,5429.618,13008.95,2026.161,5791.877,13424.98,1950.336,5276.329,13612.35,1957.595,5382.512
13112.5,2011.312,5790.703,13251.33,2034.814,5357.13,13268.5,1964.109,5287.15,13473.86,2039.797,5278.703,13391.38,2032.027,5338.256,13524.46,2019.457,5386.114,13431.07,2009.766,5429.93,13008.41,2026.161,5792.374,13425.71,1950.336,5276.388,13612.61,1957.595,5383.199
13111.81,2011.312,5791.781,13252.59,2034.814,5356.898,13269.63,1964.109,5286.54,13475.12,2039.797,5278.97,13392.61,2032.027,5338.59,13525.08,2019.457,5387.236,13432.21,2009.766,5430.512,13007.49,2026.161,5793.27,13426.99,1950.336,5276.519,13612.98,1957.595,5384.425
13111.09,2011.312,5792.822,13253.82,2034.814,5356.629,13270.76,1964.109,5285.973,13476.35,2039.797,5279.272,13393.84,2032.027,5338.899,13525.72,2019.457,5388.325,13433.32,2009.766,5431.124,13006.62,2026.161,5794.184,13428.24,1950.336,5276.678,13613.38,1957.595,5385.624
13110.94,2011.312,5793.027,13254.07,2034.814,5356.575,13270.99,1964.109,5285.866,13476.59,2039.797,5279.341,13394.09,2032.027,5338.959,13525.86,2019.457,5388.541,13433.54,2009.766,5431.254,13006.45,2026.161,5794.374,13428.49,1950.336,5276.716,13613.47,1957.595,5385.862
13109.83,2011.312,5794.425,13255.8,2034.814,5356.151,13272.63,1964.109,5285.173,13478.29,2039.797,5279.877,13395.82,2032.027,5339.36,13526.85,2019.457,5390.021,13435.04,2009.766,5432.216,13005.3,2026.161,5795.74,13430.25,1950.336,5277.025,13614.16,1957.595,5387.511
13109.32,2011.312,5795.235,13256.72,2034.814,5355.894,13273.52,1964.109,5284.831,13479.21,2039.797,5280.142,13396.76,2032.027,5339.568,13527.41,2019.457,5390.798,13435.83,2009.766,5432.758,13004.64,2026.161,5796.428,13431.19,1950.336,5277.213,13614.55,1957.595,5388.382
13109.09,2011.312,5795.571,13257.12,2034.814,5355.797,13273.91,1964.109,5284.698,13479.61,2039.797,5280.242,13397.15,2032.027,5339.654,13527.66,2019.457,5391.119,13436.19,2009.766,5432.946,13004.37,2026.161,5796.729,13431.58,1950.336,5277.303,13614.72,1957.595,5388.749
13108.14,2011.312,5796.893,13258.69,2034.814,5355.354,13275.47,1964.109,5284.215,13481.17,2039.797,5280.709,13398.75,2032.027,5339.982,13528.7,2019.457,5392.379,13437.61,2009.766,5433.75,13003.31,2026.161,5797.976,13433.16,1950.336,5277.697,13615.48,1957.595,5390.197
13107.39,2011.312,5797.852,13259.87,2034.814,5355.064,13276.64,1964.109,5283.894,13482.34,2039.797,5281.019,13399.94,2032.027,5340.216,13529.5,2019.457,5393.29,13438.64,2009.766,5434.381,13002.56,2026.161,5798.927,13434.33,1950.336,5278.016,13616.07,1957.595,5391.254
13106.66,2011.312,5798.922,13261.14,2034.814,5354.794,13277.9,1964.109,5283.591,13483.6,2039.797,5281.345,13401.22,2032.027,5340.456,13530.39,2019.457,5394.236,13439.72,2009.766,5435.112,13001.79,2026.161,5799.972,13435.58,1950.336,5278.385,13616.74,1957.595,5392.365
13106.02,2011.312,5799.783,13262.19,2034.814,5354.606,13278.95,1964.109,5283.376,13484.66,2039.797,5281.483,13402.27,2032.027,5340.648,13531.22,2019.457,5394.907,13440.62,2009.766,5435.685,13001.18,2026.161,5800.852,13436.6,1950.336,5278.71,13617.33,1957.595,5393.261
13105.09,2011.312,5801.147,13263.84,2034.814,5354.488,13280.53,1964.109,5282.896,13486.29,2039.797,5281.75,13403.9,2032.027,5340.928,13532.47,2019.457,5395.988,13442.04,2009.766,5436.525,13000.47,2026.161,5802.344,13438.16,1950.336,5279.241,13618.27,1957.595,5394.617
13104.24,2011.312,5802.472,13265.4,2034.814,5354.324,13282.05,1964.109,5282.489,13487.83,2039.797,5282.056,13405.44,2032.027,5341.245,13533.65,2019.457,5397.027,13443.39,2009.766,5437.339,12999.74,2026.161,5803.739,13439.67,1950.336,5279.697,13619.22,1957.595,5395.875
13103.72,2011.312,5803.349,13266.42,2034.814,5354.184,13283.04,1964.109,5282.257,13488.83,2039.797,5282.287,13406.43,2032.027,5341.483,13534.41,2019.457,5397.714,13444.28,2009.766,5437.839,12999.34,2026.161,5804.679,13440.65,1950.336,5279.96,13619.85,1957.595,5396.672
13103.05,2011.312,5804.555,13267.77,2034.814,5353.966,13284.39,1964.109,5281.989,13490.17,2039.797,5282.617,13407.76,2032.027,5341.848,13535.46,2019.457,5398.605,13445.5,2009.766,5438.474,12998.87,2026.161,5805.973,13442,1950.336,5280.272,13620.75,1957.595,5397.718
13102.41,2011.312,5805.725,13269.1,2034.814,5353.814,13285.71,1964.109,5281.771,13491.48,2039.797,5282.862,13409.04,2032.027,5342.244,13536.5,2019.457,5399.438,13446.76,2009.766,5438.921,12998.38,2026.161,5807.214,13443.29,1950.336,5280.618,13621.58,1957.595,5398.766
13101.81,2011.312,5806.889,13270.4,2034.814,5353.624,13287.01,1964.109,5281.592,13492.76,2039.797,5283.143,13410.24,2032.027,5342.747,13537.55,2019.457,5400.219,13447.98,2009.766,5439.398,12997.85,2026.161,5808.412,13444.56,1950.336,5280.933,13622.43,1957.595,5399.765
13101.18,2011.312,5808.229,13271.84,2034.814,5353.295,13288.48,1964.109,5281.437,13494.19,2039.797,5283.509,13411.62,2032.027,5343.283,13538.77,2019.457,5401.063,13449.34,2009.766,5439.983,12997.27,2026.161,5809.775,13445.99,1950.336,5281.319,13623.42,1957.595,5400.864
13100.63,2011.312,5809.508,13273.21,2034.814,5353.03,13289.86,1964.109,5281.247,13495.53,2039.797,5283.896,13412.93,2032.027,5343.758,13539.89,2019.457,5401.895,13450.6,2009.766,5440.575,12996.73,2026.161,5811.06,13447.32,1950.336,5281.71,13624.39,1957.595,5401.866
13100.23,2011.312,5810.386,13274.16,2034.814,5352.878,13290.82,1964.109,5281.16,13496.48,2039.797,5284.084,13413.84,2032.027,5344.069,13540.64,2019.457,5402.495,13451.46,2009.766,5441.012,12996.29,2026.161,5811.919,13448.24,1950.336,5282.001,13625.08,1957.595,5402.537
13099.76,2011.312,5812.014,13275.84,2034.814,5352.666,13292.51,1964.109,5280.986,13498.13,2039.797,5284.469,13415.46,2032.027,5344.581,13541.93,2019.457,5403.598,13452.94,2009.766,5441.83,12995.38,2026.161,5813.348,13449.85,1950.336,5282.543,13626.32,1957.595,5403.683
13099.32,2011.312,5813.402,13277.29,2034.814,5352.53,13293.92,1964.109,5280.63,13499.53,2039.797,5284.846,13416.85,2032.027,5344.997,13543.06,2019.457,5404.512,13454.2,2009.766,5442.575,12994.64,2026.161,5814.603,13451.22,1950.336,5283.038,13627.34,1957.595,5404.725
13098.71,2011.312,5815.096,13279.08,2034.814,5352.305,13295.68,1964.109,5280.247,13501.25,2039.797,5285.369,13418.58,2032.027,5345.483,13544.61,2019.457,5405.431,13455.77,2009.766,5443.444,12993.78,2026.161,5816.181,13452.9,1950.336,5283.681,13628.64,1957.595,5405.969
13098.28,2011.312,5816.199,13280.26,2034.814,5352.271,13296.84,1964.109,5280.033,13502.38,2039.797,5285.75,13419.73,2032.027,5345.788,13545.65,2019.457,5406.002,13456.83,2009.766,5443.982,12993.25,2026.161,5817.24,13453.99,1950.336,5284.128,13629.53,1957.595,5406.76
13097.42,2011.312,5818.188,13282.43,2034.814,5352.14,13298.98,1964.109,5279.711,13504.41,2039.797,5286.514,13421.8,2032.027,5346.414,13547.62,2019.457,5406.908,13458.79,2009.766,5444.903,12992.33,2026.161,5819.205,13455.91,1950.336,5285.143,13631.19,1957.595,5408.153
13097,2011.312,5819.148,13283.47,2034.814,5352.042,13300.02,1964.109,5279.589,13505.37,2039.797,5286.915,13422.8,2032.027,5346.749,13548.55,2019.457,5407.376,13459.75,2009.766,5445.316,12991.92,2026.161,5820.169,13456.85,1950.336,5285.603,13632.01,1957.595,5408.8
13096.45,2011.312,5820.532,13284.93,2034.814,5351.788,13301.5,1964.109,5279.433,13506.73,2039.797,5287.529,13424.19,2032.027,5347.27,13549.86,2019.457,5408.085,13461.1,2009.766,5445.948,12991.31,2026.161,5821.524,13458.21,1950.336,5286.211,13633.21,1957.595,5409.68
13095.81,2011.312,5822.016,13286.54,2034.814,5351.564,13303.11,1964.109,5279.258,13508.22,2039.797,5288.148,13425.72,2032.027,5347.782,13551.35,2019.457,5408.709,13462.54,2009.766,5446.683,12990.69,2026.161,5823.02,13459.69,1950.336,5286.864,13634.54,1957.595,5410.594
13095.05,2011.312,5823.466,13288.16,2034.814,5351.39,13304.74,1964.109,5279.119,13509.72,2039.797,5288.803,13427.29,2032.027,5348.248,13552.86,2019.457,5409.345,13464.01,2009.766,5447.397,12990.02,2026.161,5824.511,13461.21,1950.336,5287.475,13635.92,1957.595,5411.473
13094.11,2011.312,5825.42,13290.27,2034.814,5350.879,13306.91,1964.109,5279.225,13511.74,2039.797,5289.606,13429.35,2032.027,5348.931,13554.83,2019.457,5410.253,13465.99,2009.766,5448.283,12989.06,2026.161,5826.458,13463.24,1950.336,5288.219,13637.76,1957.595,5412.632
13093.7,2011.312,5826.251,13291.18,2034.814,5350.69,13307.84,1964.109,5279.24,13512.61,2039.797,5289.922,13430.22,2032.027,5349.251,13555.66,2019.457,5410.669,13466.85,2009.766,5448.636,12988.68,2026.161,5827.304,13464.1,1950.336,5288.565,13638.56,1957.595,5413.103
13092.6,2011.312,5828.644,13293.77,2034.814,5350.238,13310.47,1964.109,5279.197,13515.16,2039.797,5290.584,13432.66,2032.027,5350.237,13557.95,2019.457,5411.965,13469.31,2009.766,5449.559,12987.52,2026.161,5829.666,13466.58,1950.336,5289.468,13640.87,1957.595,5414.361
13091.84,2011.312,5830.177,13295.47,2034.814,5350,13312.18,1964.109,5279.113,13516.8,2039.797,5291.069,13434.23,2032.027,5350.927,13559.42,2019.457,5412.851,13470.93,2009.766,5450.109,12986.82,2026.161,5831.227,13468.2,1950.336,5290.002,13642.44,1957.595,5415.036
13091.59,2011.312,5830.703,13296.04,2034.814,5349.895,13312.76,1964.109,5279.065,13517.35,2039.797,5291.251,13434.75,2032.027,5351.176,13559.92,2019.457,5413.134,13471.49,2009.766,5450.279,12986.6,2026.161,5831.765,13468.75,1950.336,5290.2,13642.97,1957.595,5415.281
13090.45,2011.312,5833.429,13298.96,2034.814,5349.454,13315.69,1964.109,5278.728,13520.12,2039.797,5292.271,13437.38,2032.027,5352.527,13562.55,2019.457,5414.495,13474.34,2009.766,5451.057,12985.46,2026.161,5834.492,13471.49,1950.336,5291.304,13645.6,1957.595,5416.62
13089.91,2011.312,5834.858,13300.46,2034.814,5349.18,13317.22,1964.109,5278.621,13521.59,2039.797,5292.707,13438.76,2032.027,5353.182,13563.88,2019.457,5415.249,13475.8,2009.766,5451.508,12984.92,2026.161,5835.921,13472.89,1950.336,5291.921,13646.94,1957.595,5417.356
13089.7,2011.312,5835.462,13301.1,2034.814,5349.086,13317.85,1964.109,5278.556,13522.2,2039.797,5292.909,13439.33,2032.027,5353.478,13564.44,2019.457,5415.55,13476.4,2009.766,5451.716,12984.7,2026.161,5836.523,13473.48,1950.336,5292.159,13647.52,1957.595,5417.62
13088.79,2011.312,5838.403,13304.15,2034.814,5348.689,13320.91,1964.109,5278.172,13525.14,2039.797,5293.801,13442.03,2032.027,5354.945,13567.13,2019.457,5417.042,13479.28,2009.766,5452.811,12983.57,2026.161,5839.386,13476.34,1950.336,5293.282,13650.35,1957.595,5418.847
13088.53,2011.312,5839.376,13305.15,2034.814,5348.578,13321.9,1964.109,5278.023,13526.11,2039.797,5294.067,13442.91,2032.027,5355.439,13568,2019.457,5417.543,13480.21,2009.766,5453.2,12983.17,2026.161,5840.312,13477.29,1950.336,5293.641,13651.28,1957.595,5419.235
13087.93,2011.312,5841.893,13307.72,2034.814,5348.341,13324.45,1964.109,5277.585,13528.63,2039.797,5294.679,13445.14,2032.027,5356.744,13570.23,2019.457,5418.857,13482.56,2009.766,5454.273,12982.07,2026.161,5842.651,13479.71,1950.336,5294.54,13653.68,1957.595,5420.197
13087.79,2011.312,5842.537,13308.38,2034.814,5348.293,13325.1,1964.109,5277.459,13529.27,2039.797,5294.817,13445.71,2032.027,5357.085,13570.79,2019.457,5419.198,13483.15,2009.766,5454.564,12981.77,2026.161,5843.237,13480.33,1950.336,5294.763,13654.29,1957.595,5420.433
13087.26,2011.312,5845.676,13311.56,2034.814,5348.126,13328.21,1964.109,5276.78,13532.4,2039.797,5295.4,13448.4,2032.027,5358.785,13573.5,2019.457,5420.88,13485.96,2009.766,5456.068,12980.23,2026.161,5846.024,13483.33,1950.336,5295.814,13657.28,1957.595,5421.533
13087.11,2011.312,5846.711,13312.6,2034.814,5348.093,13329.22,1964.109,5276.534,13533.43,2039.797,5295.563,13449.27,2032.027,5359.358,13574.38,2019.457,5421.441,13486.87,2009.766,5456.591,12979.69,2026.161,5846.921,13484.32,1950.336,5296.149,13658.26,1957.595,5421.881
13086.82,2011.312,5849.504,13315.41,2034.814,5348.061,13331.94,1964.109,5275.813,13536.22,2039.797,5295.926,13451.59,2032.027,5360.944,13576.73,2019.457,5422.973,13489.25,2009.766,5458.072,12978.18,2026.161,5849.287,13486.99,1950.336,5297.026,13660.92,1957.595,5422.78
13086.64,2011.312,5850.773,13316.69,2034.814,5348.004,13333.19,1964.109,5275.525,13537.48,2039.797,5296.132,13452.67,2032.027,5361.638,13577.83,2019.457,5423.636,13490.32,2009.766,5458.783,12977.52,2026.161,5850.387,13488.2,1950.336,5297.447,13662.12,1957.595,5423.23
13086.31,2011.312,5852.742,13318.68,2034.814,5347.85,13335.15,1964.109,5275.139,13539.44,2039.797,5296.519,13454.37,2032.027,5362.675,13579.57,2019.457,5424.614,13492.01,2009.766,5459.836,12976.56,2026.161,5852.135,13490.07,1950.336,5298.139,13663.97,1957.595,5423.992
13085.77,2011.312,5855.37,13321.35,2034.814,5347.557,13337.78,1964.109,5274.64,13542.05,2039.797,5297.124,13456.71,2032.027,5363.999,13581.95,2019.457,5425.854,13494.34,2009.766,5461.176,12975.33,2026.161,5854.523,13492.57,1950.336,5299.114,13666.45,1957.595,5425.015
13085.5,2011.312,5856.499,13322.5,2034.814,5347.395,13338.93,1964.109,5274.461,13543.17,2039.797,5297.422,13457.73,2032.027,5364.541,13582.99,2019.457,5426.356,13495.36,2009.766,5461.722,12974.84,2026.161,5855.573,13493.64,1950.336,5299.557,13667.5,1957.595,5425.493
13084.98,2011.312,5858.417,13324.46,2034.814,5347.08,13340.9,1964.109,5274.159,13545.08,2039.797,5297.996,13459.52,2032.027,5365.417,13584.8,2019.457,5427.181,13497.15,2009.766,5462.601,12974.05,2026.161,5857.399,13495.46,1950.336,5300.352,13669.38,1957.595,5426.151
13084.39,2011.312,5860.317,13326.43,2034.814,5346.829,13342.87,1964.109,5273.922,13546.96,2039.797,5298.631,13461.33,2032.027,5366.238,13586.64,2019.457,5427.945,13498.96,2009.766,5463.42,12973.32,2026.161,5859.249,13497.27,1950.336,5301.182,13671.24,1957.595,5426.851
13083.74,2011.312,5862.207,13328.42,2034.814,5346.642,13344.86,1964.109,5273.749,13548.84,2039.797,5299.331,13463.17,2032.027,5367.009,13588.56,2019.457,5428.493,13500.74,2009.766,5464.329,12972.65,2026.161,5861.13,13499.07,1950.336,5302.054,13673.17,1957.595,5427.371
13082.8,2011.312,5864.661,13331.04,2034.814,5346.481,13347.47,1964.109,5273.466,13551.26,2039.797,5300.331,13465.62,2032.027,5367.949,13591.06,2019.457,5429.295,13503.12,2009.766,5465.446,12971.84,2026.161,5863.631,13501.41,1950.336,5303.248,13675.76,1957.595,5427.817
13082.37,2011.312,5865.69,13332.16,2034.814,5346.391,13348.58,1964.109,5273.309,13552.28,2039.797,5300.789,13466.68,2032.027,5368.317,13592.11,2019.457,5429.671,13504.14,2009.766,5465.887,12971.54,2026.161,5864.704,13502.39,1950.336,5303.775,13676.85,1957.595,5428.042
13081.13,2011.312,5868.405,13335.12,2034.814,5346.052,13351.54,1964.109,5272.986,13554.96,2039.797,5302.103,13469.52,2032.027,5369.22,13594.89,2019.457,5430.767,13506.92,2009.766,5466.977,12970.81,2026.161,5867.599,13504.99,1950.336,5305.243,13679.76,1957.595,5428.74
13080.52,2011.312,5869.632,13336.49,2034.814,5345.941,13352.89,1964.109,5272.741,13556.17,2039.797,5302.746,13470.84,2032.027,5369.595,13596.18,2019.457,5431.229,13508.17,2009.766,5467.533,12970.52,2026.161,5868.938,13506.17,1950.336,5305.942,13681.08,1957.595,5429.104
13079.55,2011.312,5871.439,13338.54,2034.814,5345.823,13354.92,1964.109,5272.44,13557.95,2039.797,5303.768,13472.83,2032.027,5370.1,13598.09,2019.457,5431.982,13510.04,2009.766,5468.387,12970.15,2026.161,5870.957,13507.91,1950.336,5307.026,13683.04,1957.595,5429.714
13078.52,2011.312,5873.223,13340.59,2034.814,5345.637,13356.97,1964.109,5272.206,13559.71,2039.797,5304.852,13474.84,2032.027,5370.55,13600.03,2019.457,5432.676,13511.94,2009.766,5469.183,12969.84,2026.161,5872.996,13509.63,1950.336,5308.152,13684.98,1957.595,5430.39
13077.42,2011.312,5874.976,13342.64,2034.814,5345.383,13358.99,1964.109,5271.758,13561.5,2039.797,5305.88,13476.86,2032.027,5370.99,13601.99,2019.457,5433.334,13513.88,2009.766,5469.918,12969.6,2026.161,5875.049,13511.34,1950.336,5309.318,13686.91,1957.595,5431.132
13076.26,2011.312,5876.703,13344.71,2034.814,5345.191,13360.98,1964.109,5271.162,13563.33,2039.797,5306.855,13478.89,2032.027,5371.417,13604.03,2019.457,5433.73,13515.84,2009.766,5470.593,12969.43,2026.161,5877.12,13513.03,1950.336,5310.523,13688.88,1957.595,5431.814
13075.16,2011.312,5878.475,13346.79,2034.814,5344.93,13363,1964.109,5270.628,13565.21,2039.797,5307.774,13480.92,2032.027,5371.914,13606.07,2019.457,5434.194,13517.84,2009.766,5471.208,12969.19,2026.161,5879.194,13514.77,1950.336,5311.679,13690.87,1957.595,5432.434
13074.11,2011.312,5880.288,13348.87,2034.814,5344.756,13365.04,1964.109,5270.149,13567.12,2039.797,5308.634,13482.94,2032.027,5372.477,13608.09,2019.457,5434.726,13519.86,2009.766,5471.762,12968.88,2026.161,5881.267,13516.56,1950.336,5312.78,13692.85,1957.595,5433.131
13072.81,2011.312,5882.71,13351.6,2034.814,5344.439,13367.74,1964.109,5269.609,13569.42,2039.797,5310.14,13485.56,2032.027,5373.301,13610.73,2019.457,5435.511,13522.53,2009.766,5472.403,12968.38,2026.161,5883.97,13518.94,1950.336,5314.148,13695.46,1957.595,5434.001
13072.29,2011.312,5883.755,13352.76,2034.814,5344.267,13368.89,1964.109,5269.418,13570.42,2039.797,5310.747,13486.66,2032.027,5373.687,13611.84,2019.457,5435.867,13523.67,2009.766,5472.639,12968.13,2026.161,5885.108,13519.97,1950.336,5314.695,13696.57,1957.595,5434.333
13071,2011.312,5886.597,13355.88,2034.814,5344.223,13371.88,1964.109,5268.523,13573.13,2039.797,5312.282,13489.57,2032.027,5374.814,13614.82,2019.457,5436.776,13526.71,2009.766,5473.371,12967.36,2026.161,5888.135,13522.77,1950.336,5316.068,13699.53,1957.595,5435.321
13070.45,2011.312,5887.913,13357.3,2034.814,5344.156,13373.25,1964.109,5268.159,13574.4,2039.797,5312.942,13490.88,2032.027,5375.372,13616.11,2019.457,5437.384,13528.08,2009.766,5473.75,12966.97,2026.161,5889.504,13524.07,1950.336,5316.652,13700.86,1957.595,5435.855
13069.7,2011.312,5889.911,13359.43,2034.814,5343.986,13375.34,1964.109,5267.682,13576.32,2039.797,5313.869,13492.69,2032.027,5376.508,13618.08,2019.457,5438.231,13530.12,2009.766,5474.385,12966.31,2026.161,5891.537,13525.99,1950.336,5317.592,13702.85,1957.595,5436.609
13068.72,2011.312,5892.778,13362.44,2034.814,5343.646,13378.31,1964.109,5267.102,13579.01,2039.797,5315.272,13495.31,2032.027,5378.035,13620.89,2019.457,5439.34,13532.98,2009.766,5475.38,12965.63,2026.161,5894.488,13528.76,1950.336,5318.813,13705.72,1957.595,5437.596
13068.14,2011.312,5894.683,13364.41,2034.814,5343.358,13380.28,1964.109,5266.784,13580.8,2039.797,5316.136,13497.02,2032.027,5379.055,13622.77,2019.457,5440.008,13534.84,2009.766,5476.096,12965.13,2026.161,5896.417,13530.56,1950.336,5319.675,13707.63,1957.595,5438.163
13067.99,2011.312,5895.25,13365,2034.814,5343.287,13380.85,1964.109,5266.677,13581.34,2039.797,5316.376,13497.52,2032.027,5379.368,13623.32,2019.457,5440.216,13535.38,2009.766,5476.325,12964.97,2026.161,5896.98,13531.09,1950.336,5319.925,13708.19,1957.595,5438.323
13067.3,2011.312,5898.169,13367.98,2034.814,5342.994,13383.79,1964.109,5266.062,13584.11,2039.797,5317.523,13500.01,2032.027,5381.024,13626.1,2019.457,5441.33,13538.11,2009.766,5477.579,12964.03,2026.161,5899.83,13533.81,1950.336,5321.181,13711.08,1957.595,5439.105
13066.87,2011.312,5900.317,13370.17,2034.814,5342.832,13385.92,1964.109,5265.562,13586.16,2039.797,5318.305,13501.81,2032.027,5382.28,13628.12,2019.457,5442.183,13540.07,2009.766,5478.558,12963.28,2026.161,5901.889,13535.81,1950.336,5322.083,13713.21,1957.595,5439.651
13066.28,2011.312,5903.809,13373.7,2034.814,5342.654,13389.35,1964.109,5264.674,13589.5,2039.797,5319.475,13504.66,2032.027,5384.379,13631.35,2019.457,5443.62,13543.18,2009.766,5480.241,12961.96,2026.161,5905.173,13539.04,1950.336,5323.514,13716.64,1957.595,5440.492
13066.21,2011.312,5904.347,13374.24,2034.814,5342.64,13389.87,1964.109,5264.525,13590.01,2039.797,5319.64,13505.09,2032.027,5384.712,13631.85,2019.457,5443.849,13543.65,2009.766,5480.514,12961.75,2026.161,5905.67,13539.54,1950.336,5323.729,13717.17,1957.595,5440.615
13065.96,2011.312,5906.759,13376.67,2034.814,5342.636,13392.18,1964.109,5263.809,13592.34,2039.797,5320.312,13506.97,2032.027,5386.248,13634.02,2019.457,5444.914,13545.71,2009.766,5481.8,12960.7,2026.161,5907.857,13541.77,1950.336,5324.673,13719.54,1957.595,5441.138
13065.67,2011.312,5908.926,13378.85,2034.814,5342.56,13394.29,1964.109,5263.231,13594.42,2039.797,5320.985,13508.7,2032.027,5387.58,13636.02,2019.457,5445.809,13547.52,2009.766,5483.021,12959.82,2026.161,5909.859,13543.77,1950.336,5325.563,13721.66,1957.595,5441.679
13065.3,2011.312,5911.093,13381.04,2034.814,5342.413,13396.43,1964.109,5262.721,13596.49,2039.797,5321.73,13510.48,2032.027,5388.866,13638.14,2019.457,5446.391,13549.38,2009.766,5484.186,12959,2026.161,5911.899,13545.76,1950.336,5326.496,13723.77,1957.595,5442.292
13065.03,2011.312,5912.437,13382.41,2034.814,5342.276,13397.77,1964.109,5262.446,13597.76,2039.797,5322.237,13511.62,2032.027,5389.634,13639.45,2019.457,5446.797,13550.57,2009.766,5484.875,12958.53,2026.161,5913.188,13546.99,1950.336,5327.102,13725.08,1957.595,5442.697
13064.23,2011.312,5915.806,13385.84,2034.814,5341.818,13401.19,1964.109,5261.863,13600.94,2039.797,5323.621,13514.54,2032.027,5391.485,13642.72,2019.457,5447.93,13553.62,2009.766,5486.516,12957.46,2026.161,5916.479,13550.06,1950.336,5328.695,13728.41,1957.595,5443.631
13064.01,2011.312,5917.104,13387.14,2034.814,5341.602,13402.47,1964.109,5261.575,13602.13,2039.797,5324.187,13515.67,2032.027,5392.156,13643.95,2019.457,5448.402,13554.8,2009.766,5487.102,12956.99,2026.161,5917.711,13551.22,1950.336,5329.326,13729.71,1957.595,5443.864
13063.35,2011.312,5920.274,13390.32,2034.814,5340.964,13405.58,1964.109,5260.666,13605.01,2039.797,5325.672,13518.51,2032.027,5393.719,13646.91,2019.457,5449.708,13557.74,2009.766,5488.447,12955.94,2026.161,5920.775,13554.03,1950.336,5330.933,13732.88,1957.595,5444.539
13063.16,2011.312,5921.042,13391.08,2034.814,5340.791,13406.34,1964.109,5260.462,13605.7,2039.797,5326.057,13519.21,2032.027,5394.079,13647.65,2019.457,5450.003,13558.49,2009.766,5488.695,12955.71,2026.161,5921.53,13554.71,1950.336,5331.339,13733.64,1957.595,5444.729
13062.34,2011.312,5924.01,13394.07,2034.814,5340.044,13409.34,1964.109,5259.74,13608.33,2039.797,5327.645,13521.99,2032.027,5395.399,13650.54,2019.457,5451.058,13561.44,2009.766,5489.586,12954.9,2026.161,5924.501,13557.31,1950.336,5332.98,13736.61,1957.595,5445.566
13061.68,2011.312,5926.133,13396.21,2034.814,5339.454,13411.51,1964.109,5259.27,13610.2,2039.797,5328.854,13524.03,2032.027,5396.292,13652.65,2019.457,5451.751,13563.56,2009.766,5490.264,12954.39,2026.161,5926.666,13559.17,1950.336,5334.205,13738.73,1957.595,5446.241
13060.95,2011.312,5928.239,13398.38,2034.814,5338.932,13413.67,1964.109,5258.728,13612.03,2039.797,5330.125,13526.1,2032.027,5397.124,13654.72,2019.457,5452.575,13565.69,2009.766,5490.915,12953.95,2026.161,5928.851,13561,1950.336,5335.473,13740.83,1957.595,5446.987
13059.98,2011.312,5930.758,13400.99,2034.814,5338.24,13416.3,1964.109,5258.134,13614.2,2039.797,5331.736,13528.63,2032.027,5398.055,13657.26,2019.457,5453.488,13568.25,2009.766,5491.786,12953.5,2026.161,5931.511,13563.18,1950.336,5337.055,13743.42,1957.595,5447.75
13058.96,2011.312,5933.714,13404.04,2034.814,5337.536,13419.34,1964.109,5257.393,13616.64,2039.797,5333.685,13531.6,2032.027,5399.04,13660.11,2019.457,5454.78,13571.17,2009.766,5492.891,12952.87,2026.161,5934.577,13565.73,1950.336,5338.875,13746.47,1957.595,5448.415
13058.37,2011.312,5935.611,13405.99,2034.814,5337.153,13421.25,1964.109,5256.85,13618.24,2039.797,5334.871,13533.47,2032.027,5399.726,13661.95,2019.457,5455.541,13573.1,2009.766,5493.367,12952.41,2026.161,5936.509,13567.38,1950.336,5339.977,13748.4,1957.595,5448.9
13058.22,2011.312,5936.15,13406.53,2034.814,5337.033,13421.8,1964.109,5256.71,13618.7,2039.797,5335.19,13533.98,2032.027,5399.937,13662.47,2019.457,5455.738,13573.64,2009.766,5493.519,12952.27,2026.161,5937.049,13567.84,1950.336,5340.291,13748.94,1957.595,5449.054
