9263,2000,5298,9263,2000,5298,9263,2000,5298,9263,2000,5298,9263,2000,5298,9263,2000,5298,9263,2000,5298,9263,2000,5298,9263,2000,5298,9263,2000,5298
9263.313,2000,5298.274,9263.326,2000,5298.259,9263.391,2000,5298.144,9263.275,2000,5298.313,9263.122,2000,5298.398,9263.261,2000,5298.325,9263.323,2000,5298.263,9263.048,2000,5298.414,9263.241,2000,5298.34,9263.287,2000,5298.302
9263.636,2000,5298.538,9263.661,2000,5298.507,9263.786,2000,5298.275,9263.541,2000,5298.634,9263.231,2000,5298.8,9263.511,2000,5298.659,9263.655,2000,5298.515,9263.082,2000,5298.829,9263.471,2000,5298.688,9263.584,2000,5298.594
9263.967,2000,5298.791,9264.004,2000,5298.744,9264.186,2000,5298.393,9263.796,2000,5298.963,9263.327,2000,5299.206,9263.75,2000,5299,9263.995,2000,5298.755,9263.104,2000,5299.245,9263.688,2000,5299.042,9263.891,2000,5298.876
9264.137,2000,5298.912,9264.179,2000,5298.856,9264.387,2000,5298.445,9263.918,2000,5299.132,9263.368,2000,5299.41,9263.864,2000,5299.174,9264.169,2000,5298.87,9263.107,2000,5299.454,9263.792,2000,5299.224,9264.049,2000,5299.012
9264.311,2000,5299.027,9264.357,2000,5298.963,9264.59,2000,5298.491,9264.034,2000,5299.305,9263.403,2000,5299.615,9263.973,2000,5299.353,9264.347,2000,5298.979,9263.104,2000,5299.662,9263.89,2000,5299.408,9264.211,2000,5299.143
9264.487,2000,5299.137,9264.54,2000,5299.064,9264.795,2000,5298.53,9264.145,2000,5299.482,9263.432,2000,5299.822,9264.075,2000,5299.534,9264.527,2000,5299.082,9263.095,2000,5299.87,9263.98,2000,5299.595,9264.377,2000,5299.268
9264.668,2000,5299.241,9264.726,2000,5299.16,9265.001,2000,5298.563,9264.249,2000,5299.662,9263.453,2000,5300.029,9264.171,2000,5299.719,9264.712,2000,5299.179,9263.078,2000,5300.078,9264.065,2000,5299.786,9264.547,2000,5299.388
9264.852,2000,5299.339,9264.914,2000,5299.249,9265.208,2000,5298.588,9264.348,2000,5299.846,9263.468,2000,5300.237,9264.261,2000,5299.907,9264.899,2000,5299.27,9263.055,2000,5300.285,9264.145,2000,5299.979,9264.721,2000,5299.502
9265.038,2000,5299.431,9265.105,2000,5299.331,9265.415,2000,5298.607,9264.44,2000,5300.032,9263.476,2000,5300.445,9264.345,2000,5300.098,9265.09,2000,5299.355,9263.024,2000,5300.491,9264.217,2000,5300.174,9264.898,2000,5299.61
9265.228,2000,5299.517,9265.299,2000,5299.408,9265.623,2000,5298.62,9264.527,2000,5300.222,9263.477,2000,5300.653,9264.422,2000,5300.291,9265.283,2000,5299.434,9262.987,2000,5300.696,9264.283,2000,5300.372,9265.08,2000,5299.713
9265.42,2000,5299.596,9265.495,2000,5299.478,9265.831,2000,5298.625,9264.607,2000,5300.414,9263.471,2000,5300.861,9264.493,2000,5300.487,9265.479,2000,5299.506,9262.943,2000,5300.899,9264.343,2000,5300.571,9265.265,2000,5299.81
9265.615,2000,5299.669,9265.693,2000,5299.542,9266.039,2000,5298.624,9264.682,2000,5300.609,9263.458,2000,5301.069,9264.558,2000,5300.685,9265.676,2000,5299.572,9262.893,2000,5301.102,9264.396,2000,5300.773,9265.452,2000,5299.9
9265.813,2000,5299.736,9265.894,2000,5299.599,9266.247,2000,5298.615,9264.749,2000,5300.806,9263.438,2000,5301.277,9264.616,2000,5300.885,9265.876,2000,5299.631,9262.836,2000,5301.302,9264.441,2000,5300.976,9265.643,2000,5299.984
9266.012,2000,5299.796,9266.096,2000,5299.649,9266.455,2000,5298.6,9264.811,2000,5301.005,9263.412,2000,5301.483,9264.668,2000,5301.087,9266.077,2000,5299.684,9262.772,2000,5301.5,9264.481,2000,5301.181,9265.836,2000,5300.063
9266.213,2000,5299.85,9266.3,2000,5299.693,9266.662,2000,5298.578,9264.865,2000,5301.207,9263.379,2000,5301.689,9264.713,2000,5301.291,9266.28,2000,5299.729,9262.702,2000,5301.696,9264.515,2000,5301.386,9266.031,2000,5300.134
9266.416,2000,5299.896,9266.505,2000,5299.73,9266.868,2000,5298.549,9264.913,2000,5301.409,9263.339,2000,5301.894,9264.751,2000,5301.495,9266.484,2000,5299.769,9262.626,2000,5301.89,9264.541,2000,5301.593,9266.229,2000,5300.2
9266.62,2000,5299.937,9266.711,2000,5299.76,9267.073,2000,5298.514,9264.954,2000,5301.613,9263.292,2000,5302.097,9264.782,2000,5301.701,9266.69,2000,5299.802,9262.543,2000,5302.082,9264.561,2000,5301.8,9266.43,2000,5300.258
9266.826,2000,5299.971,9266.918,2000,5299.784,9267.277,2000,5298.472,9264.989,2000,5301.819,9263.239,2000,5302.298,9264.808,2000,5301.908,9266.897,2000,5299.828,9262.454,2000,5302.27,9264.573,2000,5302.008,9266.63,2000,5300.316
9267.033,2000,5299.998,9267.126,2000,5299.801,9267.479,2000,5298.423,9265.021,2000,5302.025,9263.18,2000,5302.498,9264.826,2000,5302.116,9267.104,2000,5299.847,9262.359,2000,5302.456,9264.579,2000,5302.217,9266.829,2000,5300.376
9267.24,2000,5300.018,9267.334,2000,5299.812,9267.681,2000,5298.368,9265.055,2000,5302.23,9263.113,2000,5302.696,9264.838,2000,5302.324,9267.313,2000,5299.859,9262.259,2000,5302.638,9264.578,2000,5302.425,9267.028,2000,5300.438
9267.448,2000,5300.031,9267.542,2000,5299.815,9267.88,2000,5298.306,9265.09,2000,5302.436,9263.041,2000,5302.891,9264.843,2000,5302.532,9267.521,2000,5299.864,9262.152,2000,5302.816,9264.57,2000,5302.633,9267.227,2000,5300.5
9267.656,2000,5300.037,9267.75,2000,5299.812,9268.077,2000,5298.237,9265.126,2000,5302.641,9262.962,2000,5303.084,9264.841,2000,5302.741,9267.729,2000,5299.863,9262.04,2000,5302.992,9264.556,2000,5302.841,9267.425,2000,5300.565
9267.864,2000,5300.037,9267.958,2000,5299.801,9268.271,2000,5298.163,9265.164,2000,5302.846,9262.877,2000,5303.274,9264.832,2000,5302.949,9267.937,2000,5299.855,9261.922,2000,5303.163,9264.534,2000,5303.048,9267.622,2000,5300.632
9268.072,2000,5300.029,9268.166,2000,5299.784,9268.463,2000,5298.082,9265.203,2000,5303.051,9262.785,2000,5303.461,9264.816,2000,5303.156,9268.145,2000,5299.841,9261.798,2000,5303.331,9264.506,2000,5303.255,9267.819,2000,5300.7
9268.28,2000,5300.015,9268.373,2000,5299.76,9268.652,2000,5297.994,9265.244,2000,5303.255,9262.688,2000,5303.645,9264.794,2000,5303.363,9268.352,2000,5299.819,9261.669,2000,5303.494,9264.471,2000,5303.46,9268.016,2000,5300.769
9268.487,2000,5299.994,9268.579,2000,5299.729,9268.839,2000,5297.901,9265.286,2000,5303.459,9262.584,2000,5303.826,9264.765,2000,5303.569,9268.558,2000,5299.791,9261.534,2000,5303.653,9264.429,2000,5303.665,9268.212,2000,5300.838
9268.693,2000,5299.967,9268.784,2000,5299.692,9269.021,2000,5297.801,9265.329,2000,5303.663,9262.475,2000,5304.003,9264.729,2000,5303.774,9268.763,2000,5299.756,9261.395,2000,5303.808,9264.38,2000,5303.867,9268.408,2000,5300.909
9268.898,2000,5299.933,9268.988,2000,5299.648,9269.201,2000,5297.696,9265.373,2000,5303.867,9262.359,2000,5304.177,9264.686,2000,5303.979,9268.967,2000,5299.714,9261.25,2000,5303.958,9264.325,2000,5304.068,9268.604,2000,5300.981
9269.103,2000,5299.892,9269.19,2000,5299.597,9269.377,2000,5297.584,9265.417,2000,5304.07,9262.238,2000,5304.347,9264.636,2000,5304.181,9269.169,2000,5299.666,9261.101,2000,5304.103,9264.264,2000,5304.268,9268.799,2000,5301.054
9269.306,2000,5299.844,9269.391,2000,5299.54,9269.55,2000,5297.467,9265.462,2000,5304.274,9262.112,2000,5304.512,9264.58,2000,5304.381,9269.37,2000,5299.61,9260.946,2000,5304.243,9264.195,2000,5304.464,9268.994,2000,5301.127
9269.507,2000,5299.79,9269.589,2000,5299.476,9269.719,2000,5297.345,9265.508,2000,5304.477,9261.98,2000,5304.674,9264.518,2000,5304.58,9269.569,2000,5299.549,9260.788,2000,5304.378,9264.121,2000,5304.659,9269.188,2000,5301.201
9269.706,2000,5299.729,9269.785,2000,5299.406,9269.883,2000,5297.217,9265.554,2000,5304.68,9261.844,2000,5304.831,9264.448,2000,5304.776,9269.767,2000,5299.481,9260.625,2000,5304.508,9264.04,2000,5304.851,9269.383,2000,5301.276
9269.903,2000,5299.662,9269.979,2000,5299.329,9270.043,2000,5297.083,9265.601,2000,5304.883,9261.702,2000,5304.984,9264.373,2000,5304.971,9269.961,2000,5299.406,9260.458,2000,5304.632,9263.953,2000,5305.041,9269.577,2000,5301.351
9270.101,2000,5299.596,9270.17,2000,5299.246,9270.198,2000,5296.945,9265.648,2000,5305.086,9261.556,2000,5305.132,9264.291,2000,5305.162,9270.153,2000,5299.325,9260.287,2000,5304.751,9263.86,2000,5305.227,9269.771,2000,5301.427
9270.299,2000,5299.531,9270.358,2000,5299.157,9270.35,2000,5296.801,9265.696,2000,5305.289,9261.404,2000,5305.275,9264.206,2000,5305.353,9270.343,2000,5299.238,9260.112,2000,5304.864,9263.761,2000,5305.41,9269.965,2000,5301.504
9270.497,2000,5299.468,9270.544,2000,5299.062,9270.496,2000,5296.653,9265.744,2000,5305.491,9261.248,2000,5305.413,9264.122,2000,5305.543,9270.529,2000,5299.145,9259.934,2000,5304.972,9263.655,2000,5305.59,9270.158,2000,5301.581
9270.696,2000,5299.407,9270.726,2000,5298.96,9270.638,2000,5296.5,9265.793,2000,5305.694,9261.088,2000,5305.546,9264.038,2000,5305.734,9270.713,2000,5299.046,9259.752,2000,5305.073,9263.544,2000,5305.766,9270.352,2000,5301.659
9270.896,2000,5299.349,9270.904,2000,5298.853,9270.773,2000,5296.342,9265.842,2000,5305.896,9260.923,2000,5305.673,9263.955,2000,5305.925,9270.893,2000,5298.941,9259.566,2000,5305.168,9263.428,2000,5305.939,9270.545,2000,5301.737
9271.097,2000,5299.292,9271.079,2000,5298.74,9270.904,2000,5296.18,9265.892,2000,5306.099,9260.754,2000,5305.795,9263.874,2000,5306.117,9271.069,2000,5298.83,9259.378,2000,5305.258,9263.306,2000,5306.108,9270.738,2000,5301.815
9271.298,2000,5299.238,9271.25,2000,5298.622,9271.03,2000,5296.014,9265.941,2000,5306.301,9260.581,2000,5305.912,9263.794,2000,5306.31,9271.242,2000,5298.713,9259.187,2000,5305.341,9263.178,2000,5306.272,9270.931,2000,5301.895
9271.499,2000,5299.185,9271.417,2000,5298.498,9271.15,2000,5295.843,9265.991,2000,5306.503,9260.404,2000,5306.022,9263.715,2000,5306.502,9271.411,2000,5298.591,9258.993,2000,5305.417,9263.045,2000,5306.433,9271.123,2000,5301.974
9271.701,2000,5299.132,9271.58,2000,5298.368,9271.265,2000,5295.669,9266.042,2000,5306.705,9260.225,2000,5306.127,9263.637,2000,5306.696,9271.575,2000,5298.463,9258.797,2000,5305.488,9262.907,2000,5306.588,9271.315,2000,5302.054
9271.903,2000,5299.081,9271.739,2000,5298.233,9271.373,2000,5295.492,9266.093,2000,5306.907,9260.041,2000,5306.227,9263.56,2000,5306.89,9271.735,2000,5298.33,9258.599,2000,5305.552,9262.764,2000,5306.74,9271.508,2000,5302.135
9272.105,2000,5299.031,9271.894,2000,5298.093,9271.476,2000,5295.311,9266.144,2000,5307.109,9259.854,2000,5306.319,9263.483,2000,5307.083,9271.892,2000,5298.191,9258.398,2000,5305.609,9262.615,2000,5306.886,9271.7,2000,5302.215
9272.308,2000,5298.981,9272.043,2000,5297.948,9271.572,2000,5295.126,9266.195,2000,5307.311,9259.665,2000,5306.406,9263.408,2000,5307.278,9272.046,2000,5298.051,9258.196,2000,5305.66,9262.463,2000,5307.028,9271.892,2000,5302.296
9272.51,2000,5298.933,9272.188,2000,5297.798,9271.663,2000,5294.938,9266.247,2000,5307.513,9259.473,2000,5306.487,9263.334,2000,5307.473,9272.2,2000,5297.911,9257.993,2000,5305.705,9262.309,2000,5307.168,9272.083,2000,5302.378
9272.713,2000,5298.884,9272.327,2000,5297.644,9271.748,2000,5294.748,9266.299,2000,5307.714,9259.279,2000,5306.563,9263.261,2000,5307.667,9272.355,2000,5297.772,9257.788,2000,5305.742,9262.154,2000,5307.308,9272.274,2000,5302.46
9272.916,2000,5298.836,9272.462,2000,5297.485,9271.826,2000,5294.555,9266.352,2000,5307.916,9259.085,2000,5306.638,9263.188,2000,5307.863,9272.512,2000,5297.634,9257.582,2000,5305.773,9261.999,2000,5307.447,9272.466,2000,5302.542
9273.119,2000,5298.789,9272.592,2000,5297.322,9271.898,2000,5294.36,9266.404,2000,5308.118,9258.89,2000,5306.712,9263.115,2000,5308.058,9272.669,2000,5297.498,9257.375,2000,5305.797,9261.844,2000,5307.586,9272.657,2000,5302.625
9273.322,2000,5298.742,9272.716,2000,5297.155,9271.964,2000,5294.162,9266.457,2000,5308.319,9258.694,2000,5306.785,9263.044,2000,5308.254,9272.827,2000,5297.362,9257.167,2000,5305.814,9261.688,2000,5307.725,9272.849,2000,5302.708
9273.525,2000,5298.696,9272.834,2000,5296.983,9272.022,2000,5293.962,9266.51,2000,5308.521,9258.499,2000,5306.856,9262.973,2000,5308.45,9272.985,2000,5297.227,9256.959,2000,5305.83,9261.533,2000,5307.864,9273.04,2000,5302.791
9273.729,2000,5298.649,9272.947,2000,5296.808,9272.075,2000,5293.761,9266.563,2000,5308.722,9258.303,2000,5306.927,9262.901,2000,5308.646,9273.145,2000,5297.092,9256.751,2000,5305.844,9261.378,2000,5308.002,9273.23,2000,5302.874
9273.932,2000,5298.604,9273.055,2000,5296.629,9272.126,2000,5293.559,9266.617,2000,5308.923,9258.106,2000,5306.997,9262.831,2000,5308.842,9273.304,2000,5296.958,9256.543,2000,5305.855,9261.223,2000,5308.141,9273.421,2000,5302.958
9274.135,2000,5298.558,9273.156,2000,5296.447,9272.175,2000,5293.356,9266.671,2000,5309.125,9257.91,2000,5307.066,9262.761,2000,5309.038,9273.463,2000,5296.823,9256.335,2000,5305.865,9261.067,2000,5308.279,9273.611,2000,5303.042
9274.338,2000,5298.513,9273.253,2000,5296.263,9272.222,2000,5293.153,9266.726,2000,5309.326,9257.713,2000,5307.134,9262.691,2000,5309.234,9273.622,2000,5296.688,9256.127,2000,5305.874,9260.912,2000,5308.417,9273.802,2000,5303.125
9274.541,2000,5298.468,9273.348,2000,5296.077,9272.268,2000,5292.95,9266.78,2000,5309.527,9257.516,2000,5307.202,9262.622,2000,5309.431,9273.781,2000,5296.553,9255.919,2000,5305.88,9260.757,2000,5308.555,9273.992,2000,5303.21
9274.744,2000,5298.423,9273.441,2000,5295.891,9272.312,2000,5292.746,9266.835,2000,5309.728,9257.318,2000,5307.268,9262.553,2000,5309.627,9273.94,2000,5296.419,9255.711,2000,5305.885,9260.602,2000,5308.694,9274.183,2000,5303.294
9274.947,2000,5298.378,9273.534,2000,5295.705,9272.354,2000,5292.542,9266.89,2000,5309.929,9257.121,2000,5307.334,9262.484,2000,5309.824,9274.1,2000,5296.284,9255.503,2000,5305.888,9260.446,2000,5308.833,9274.373,2000,5303.379
9275.15,2000,5298.334,9273.626,2000,5295.518,9272.395,2000,5292.337,9266.945,2000,5310.129,9256.923,2000,5307.399,9262.416,2000,5310.021,9274.259,2000,5296.149,9255.295,2000,5305.889,9260.291,2000,5308.971,9274.563,2000,5303.464
9275.354,2000,5298.29,9273.717,2000,5295.33,9272.434,2000,5292.133,9267.001,2000,5310.33,9256.725,2000,5307.464,9262.348,2000,5310.218,9274.418,2000,5296.015,9255.087,2000,5305.889,9260.136,2000,5309.11,9274.754,2000,5303.549
9275.558,2000,5298.246,9273.807,2000,5295.142,9272.471,2000,5291.928,9267.057,2000,5310.531,9256.526,2000,5307.528,9262.279,2000,5310.415,9274.577,2000,5295.88,9254.879,2000,5305.888,9259.98,2000,5309.249,9274.944,2000,5303.634
9275.762,2000,5298.202,9273.896,2000,5294.954,9272.507,2000,5291.723,9267.112,2000,5310.731,9256.328,2000,5307.591,9262.212,2000,5310.612,9274.736,2000,5295.745,9254.671,2000,5305.885,9259.825,2000,5309.387,9275.135,2000,5303.719
9275.966,2000,5298.158,9273.983,2000,5294.765,9272.542,2000,5291.517,9267.169,2000,5310.932,9256.13,2000,5307.654,9262.145,2000,5310.809,9274.896,2000,5295.61,9254.463,2000,5305.88,9259.67,2000,5309.526,9275.325,2000,5303.805
9276.17,2000,5298.115,9274.071,2000,5294.576,9272.575,2000,5291.312,9267.226,2000,5311.133,9255.931,2000,5307.716,9262.077,2000,5311.006,9275.055,2000,5295.476,9254.255,2000,5305.875,9259.515,2000,5309.665,9275.515,2000,5303.89
9276.374,2000,5298.071,9274.158,2000,5294.386,9272.607,2000,5291.105,9267.282,2000,5311.333,9255.731,2000,5307.777,9262.01,2000,5311.204,9275.214,2000,5295.341,9254.047,2000,5305.868,9259.359,2000,5309.803,9275.704,2000,5303.976
9276.578,2000,5298.028,9274.244,2000,5294.197,9272.638,2000,5290.899,9267.339,2000,5311.534,9255.532,2000,5307.838,9261.943,2000,5311.401,9275.373,2000,5295.206,9253.839,2000,5305.86,9259.204,2000,5309.942,9275.894,2000,5304.062
9276.782,2000,5297.985,9274.33,2000,5294.007,9272.667,2000,5290.693,9267.396,2000,5311.734,9255.333,2000,5307.899,9261.877,2000,5311.598,9275.532,2000,5295.071,9253.631,2000,5305.851,9259.049,2000,5310.081,9276.083,2000,5304.148
9276.986,2000,5297.942,9274.415,2000,5293.817,9272.695,2000,5290.487,9267.454,2000,5311.934,9255.134,2000,5307.959,9261.811,2000,5311.795,9275.691,2000,5294.937,9253.423,2000,5305.84,9258.894,2000,5310.219,9276.272,2000,5304.234
9277.19,2000,5297.9,9274.5,2000,5293.626,9272.723,2000,5290.28,9267.512,2000,5312.134,9254.935,2000,5308.019,9261.744,2000,5311.993,9275.851,2000,5294.802,9253.215,2000,5305.828,9258.738,2000,5310.358,9276.462,2000,5304.321
9277.395,2000,5297.857,9274.584,2000,5293.436,9272.748,2000,5290.074,9267.569,2000,5312.334,9254.734,2000,5308.078,9261.678,2000,5312.191,9276.009,2000,5294.667,9253.007,2000,5305.815,9258.583,2000,5310.497,9276.651,2000,5304.407
9277.599,2000,5297.815,9274.668,2000,5293.245,9272.772,2000,5289.867,9267.627,2000,5312.535,9254.534,2000,5308.136,9261.611,2000,5312.389,9276.167,2000,5294.532,9252.799,2000,5305.801,9258.428,2000,5310.636,9276.841,2000,5304.494
9277.803,2000,5297.772,9274.751,2000,5293.054,9272.796,2000,5289.66,9267.686,2000,5312.735,9254.334,2000,5308.194,9261.546,2000,5312.586,9276.325,2000,5294.397,9252.591,2000,5305.786,9258.272,2000,5310.775,9277.03,2000,5304.581
9278.007,2000,5297.73,9274.834,2000,5292.863,9272.818,2000,5289.453,9267.744,2000,5312.935,9254.134,2000,5308.252,9261.48,2000,5312.784,9276.483,2000,5294.262,9252.383,2000,5305.77,9258.117,2000,5310.915,9277.22,2000,5304.668
9278.211,2000,5297.688,9274.916,2000,5292.671,9272.84,2000,5289.246,9267.803,2000,5313.135,9253.934,2000,5308.309,9261.415,2000,5312.982,9276.642,2000,5294.126,9252.175,2000,5305.753,9257.962,2000,5311.054,9277.409,2000,5304.755
9278.415,2000,5297.646,9274.998,2000,5292.48,9272.86,2000,5289.038,9267.861,2000,5313.334,9253.733,2000,5308.366,9261.35,2000,5313.18,9276.8,2000,5293.991,9251.967,2000,5305.735,9257.807,2000,5311.193,9277.599,2000,5304.842
9278.619,2000,5297.605,9275.08,2000,5292.288,9272.88,2000,5288.831,9267.92,2000,5313.534,9253.533,2000,5308.422,9261.284,2000,5313.377,9276.958,2000,5293.856,9251.76,2000,5305.716,9257.651,2000,5311.332,9277.788,2000,5304.93
9278.823,2000,5297.563,9275.161,2000,5292.096,9272.898,2000,5288.623,9267.979,2000,5313.734,9253.333,2000,5308.479,9261.219,2000,5313.575,9277.116,2000,5293.721,9251.553,2000,5305.696,9257.496,2000,5311.471,9277.978,2000,5305.017
9279.027,2000,5297.522,9275.242,2000,5291.904,9272.916,2000,5288.416,9268.038,2000,5313.934,9253.132,2000,5308.534,9261.153,2000,5313.773,9277.274,2000,5293.585,9251.346,2000,5305.675,9257.341,2000,5311.61,9278.167,2000,5305.104
9279.231,2000,5297.48,9275.323,2000,5291.712,9272.933,2000,5288.208,9268.098,2000,5314.133,9252.931,2000,5308.589,9261.089,2000,5313.971,9277.433,2000,5293.45,9251.139,2000,5305.653,9257.186,2000,5311.75,9278.355,2000,5305.192
9279.436,2000,5297.439,9275.403,2000,5291.52,9272.948,2000,5288,9268.157,2000,5314.333,9252.729,2000,5308.644,9261.024,2000,5314.169,9277.591,2000,5293.315,9250.932,2000,5305.63,9257.03,2000,5311.889,9278.544,2000,5305.28
9279.64,2000,5297.398,9275.483,2000,5291.328,9272.963,2000,5287.792,9268.217,2000,5314.533,9252.528,2000,5308.699,9260.96,2000,5314.367,9277.749,2000,5293.18,9250.725,2000,5305.607,9256.875,2000,5312.028,9278.732,2000,5305.368
9279.844,2000,5297.357,9275.563,2000,5291.135,9272.977,2000,5287.584,9268.276,2000,5314.732,9252.327,2000,5308.753,9260.896,2000,5314.565,9277.907,2000,5293.044,9250.518,2000,5305.583,9256.72,2000,5312.167,9278.921,2000,5305.456
9280.048,2000,5297.316,9275.643,2000,5290.943,9272.989,2000,5287.376,9268.336,2000,5314.932,9252.126,2000,5308.807,9260.831,2000,5314.764,9278.065,2000,5292.909,9250.311,2000,5305.558,9256.564,2000,5312.306,9279.109,2000,5305.544
9280.252,2000,5297.276,9275.722,2000,5290.75,9273.001,2000,5287.168,9268.396,2000,5315.131,9251.925,2000,5308.86,9260.767,2000,5314.962,9278.224,2000,5292.773,9250.104,2000,5305.532,9256.409,2000,5312.445,9279.298,2000,5305.633
9280.456,2000,5297.235,9275.801,2000,5290.557,9273.013,2000,5286.96,9268.457,2000,5315.331,9251.724,2000,5308.914,9260.702,2000,5315.16,9278.382,2000,5292.637,9249.896,2000,5305.505,9256.254,2000,5312.584,9279.486,2000,5305.721
9280.66,2000,5297.195,9275.88,2000,5290.364,9273.023,2000,5286.752,9268.518,2000,5315.53,9251.522,2000,5308.966,9260.638,2000,5315.358,9278.54,2000,5292.501,9249.69,2000,5305.478,9256.099,2000,5312.724,9279.675,2000,5305.81
9280.864,2000,5297.154,9275.958,2000,5290.171,9273.033,2000,5286.544,9268.578,2000,5315.729,9251.321,2000,5309.019,9260.573,2000,5315.557,9278.698,2000,5292.366,9249.484,2000,5305.449,9255.943,2000,5312.863,9279.863,2000,5305.898
9281.068,2000,5297.114,9276.036,2000,5289.979,9273.042,2000,5286.336,9268.639,2000,5315.928,9251.119,2000,5309.071,9260.51,2000,5315.755,9278.856,2000,5292.23,9249.278,2000,5305.42,9255.788,2000,5313.002,9280.052,2000,5305.987
9281.272,2000,5297.074,9276.114,2000,5289.785,9273.05,2000,5286.128,9268.699,2000,5316.127,9250.917,2000,5309.123,9260.446,2000,5315.953,9279.015,2000,5292.094,9249.072,2000,5305.391,9255.633,2000,5313.141,9280.24,2000,5306.076
9281.477,2000,5297.034,9276.192,2000,5289.592,9273.058,2000,5285.92,9268.76,2000,5316.327,9250.715,2000,5309.175,9260.383,2000,5316.151,9279.173,2000,5291.958,9248.866,2000,5305.36,9255.478,2000,5313.28,9280.429,2000,5306.165
9281.681,2000,5296.994,9276.27,2000,5289.398,9273.064,2000,5285.712,9268.821,2000,5316.526,9250.513,2000,5309.226,9260.319,2000,5316.35,9279.331,2000,5291.823,9248.66,2000,5305.33,9255.322,2000,5313.419,9280.617,2000,5306.254
9281.885,2000,5296.955,9276.347,2000,5289.205,9273.07,2000,5285.504,9268.883,2000,5316.725,9250.311,2000,5309.277,9260.256,2000,5316.548,9279.489,2000,5291.687,9248.454,2000,5305.298,9255.167,2000,5313.559,9280.806,2000,5306.343
9282.089,2000,5296.915,9276.424,2000,5289.012,9273.075,2000,5285.296,9268.944,2000,5316.924,9250.108,2000,5309.328,9260.192,2000,5316.746,9279.647,2000,5291.551,9248.248,2000,5305.266,9255.012,2000,5313.698,9280.994,2000,5306.433
9282.293,2000,5296.875,9276.501,2000,5288.818,9273.08,2000,5285.087,9269.006,2000,5317.124,9249.906,2000,5309.378,9260.129,2000,5316.944,9279.806,2000,5291.416,9248.042,2000,5305.233,9254.856,2000,5313.837,9281.183,2000,5306.522
9282.497,2000,5296.836,9276.578,2000,5288.624,9273.084,2000,5284.879,9269.067,2000,5317.323,9249.704,2000,5309.429,9260.065,2000,5317.143,9279.964,2000,5291.28,9247.836,2000,5305.2,9254.701,2000,5313.976,9281.371,2000,5306.611
9282.701,2000,5296.796,9276.654,2000,5288.43,9273.087,2000,5284.67,9269.129,2000,5317.522,9249.502,2000,5309.479,9260.002,2000,5317.342,9280.122,2000,5291.144,9247.631,2000,5305.166,9254.546,2000,5314.115,9281.56,2000,5306.701
9282.906,2000,5296.757,9276.73,2000,5288.236,9273.09,2000,5284.462,9269.19,2000,5317.721,9249.3,2000,5309.528,9259.938,2000,5317.541,9280.28,2000,5291.007,9247.426,2000,5305.131,9254.391,2000,5314.254,9281.748,2000,5306.791
9283.111,2000,5296.718,9276.807,2000,5288.042,9273.092,2000,5284.253,9269.252,2000,5317.919,9249.098,2000,5309.578,9259.875,2000,5317.739,9280.438,2000,5290.871,9247.221,2000,5305.096,9254.235,2000,5314.394,9281.936,2000,5306.88
9283.316,2000,5296.679,9276.883,2000,5287.849,9273.093,2000,5284.045,9269.314,2000,5318.118,9248.896,2000,5309.627,9259.813,2000,5317.938,9280.597,2000,5290.735,9247.016,2000,5305.06,9254.08,2000,5314.533,9282.123,2000,5306.97
9283.521,2000,5296.64,9276.959,2000,5287.655,9273.094,2000,5283.836,9269.377,2000,5318.317,9248.693,2000,5309.676,9259.75,2000,5318.137,9280.754,2000,5290.599,9246.811,2000,5305.024,9253.925,2000,5314.672,9282.311,2000,5307.06
9283.727,2000,5296.601,9277.034,2000,5287.46,9273.094,2000,5283.628,9269.439,2000,5318.516,9248.491,2000,5309.725,9259.688,2000,5318.335,9280.911,2000,5290.462,9246.605,2000,5304.987,9253.77,2000,5314.811,9282.498,2000,5307.15
9283.932,2000,5296.563,9277.109,2000,5287.266,9273.093,2000,5283.419,9269.502,2000,5318.714,9248.289,2000,5309.773,9259.625,2000,5318.534,9281.068,2000,5290.326,9246.4,2000,5304.95,9253.614,2000,5314.95,9282.686,2000,5307.241
9284.137,2000,5296.524,9277.185,2000,5287.072,9273.092,2000,5283.211,9269.564,2000,5318.913,9248.086,2000,5309.821,9259.563,2000,5318.733,9281.226,2000,5290.19,9246.195,2000,5304.913,9253.459,2000,5315.089,9282.873,2000,5307.331
9284.342,2000,5296.485,9277.26,2000,5286.877,9273.09,2000,5283.002,9269.627,2000,5319.112,9247.883,2000,5309.869,9259.5,2000,5318.932,9281.383,2000,5290.054,9245.99,2000,5304.875,9253.304,2000,5315.229,9283.061,2000,5307.421
9284.547,2000,5296.447,9277.335,2000,5286.683,9273.088,2000,5282.794,9269.689,2000,5319.311,9247.68,2000,5309.917,9259.438,2000,5319.13,9281.54,2000,5289.917,9245.785,2000,5304.836,9253.148,2000,5315.368,9283.248,2000,5307.512
9284.752,2000,5296.408,9277.41,2000,5286.489,9273.085,2000,5282.585,9269.752,2000,5319.509,9247.477,2000,5309.965,9259.375,2000,5319.329,9281.697,2000,5289.781,9245.58,2000,5304.797,9252.993,2000,5315.507,9283.436,2000,5307.602
9284.957,2000,5296.37,9277.484,2000,5286.294,9273.082,2000,5282.377,9269.814,2000,5319.708,9247.273,2000,5310.012,9259.313,2000,5319.528,9281.854,2000,5289.645,9245.376,2000,5304.757,9252.838,2000,5315.646,9283.623,2000,5307.692
9285.162,2000,5296.332,9277.559,2000,5286.1,9273.078,2000,5282.168,9269.877,2000,5319.907,9247.07,2000,5310.06,9259.25,2000,5319.727,9282.012,2000,5289.509,9245.172,2000,5304.717,9252.683,2000,5315.785,9283.811,2000,5307.783
9285.367,2000,5296.293,9277.633,2000,5285.905,9273.073,2000,5281.96,9269.94,2000,5320.105,9246.867,2000,5310.106,9259.188,2000,5319.925,9282.169,2000,5289.373,9244.968,2000,5304.677,9252.527,2000,5315.923,9283.998,2000,5307.874
9285.572,2000,5296.255,9277.707,2000,5285.71,9273.068,2000,5281.751,9270.004,2000,5320.304,9246.664,2000,5310.153,9259.125,2000,5320.124,9282.326,2000,5289.236,9244.764,2000,5304.636,9252.372,2000,5316.062,9284.186,2000,5307.965
9285.777,2000,5296.217,9277.781,2000,5285.515,9273.063,2000,5281.543,9270.067,2000,5320.503,9246.461,2000,5310.2,9259.063,2000,5320.323,9282.483,2000,5289.1,9244.56,2000,5304.594,9252.217,2000,5316.201,9284.373,2000,5308.056
9285.982,2000,5296.179,9277.855,2000,5285.32,9273.057,2000,5281.335,9270.131,2000,5320.701,9246.258,2000,5310.246,9259,2000,5320.521,9282.641,2000,5288.964,9244.355,2000,5304.552,9252.062,2000,5316.339,9284.561,2000,5308.146
9286.188,2000,5296.142,9277.929,2000,5285.125,9273.05,2000,5281.127,9270.194,2000,5320.899,9246.055,2000,5310.292,9258.938,2000,5320.72,9282.798,2000,5288.827,9244.151,2000,5304.51,9251.906,2000,5316.478,9284.748,2000,5308.238
9286.393,2000,5296.104,9278.002,2000,5284.931,9273.043,2000,5280.919,9270.258,2000,5321.098,9245.852,2000,5310.338,9258.877,2000,5320.919,9282.955,2000,5288.69,9243.947,2000,5304.467,9251.751,2000,5316.617,9284.936,2000,5308.329
9286.598,2000,5296.066,9278.075,2000,5284.735,9273.035,2000,5280.71,9270.321,2000,5321.296,9245.647,2000,5310.384,9258.815,2000,5321.119,9283.113,2000,5288.553,9243.743,2000,5304.423,9251.595,2000,5316.756,9285.123,2000,5308.42
9286.826,2000,5296.024,9278.157,2000,5284.518,9273.026,2000,5280.478,9270.393,2000,5321.518,9245.421,2000,5310.435,9258.746,2000,5321.341,9283.289,2000,5288.401,9243.516,2000,5304.375,9251.421,2000,5316.911,9285.332,2000,5308.522
9287.177,2000,5295.96,9278.282,2000,5284.184,9273.012,2000,5280.122,9270.501,2000,5321.856,9245.073,2000,5310.513,9258.641,2000,5321.681,9283.558,2000,5288.167,9243.168,2000,5304.299,9251.155,2000,5317.148,9285.652,2000,5308.679
9287.519,2000,5295.897,9278.404,2000,5283.858,9272.996,2000,5279.774,9270.607,2000,5322.187,9244.734,2000,5310.588,9258.538,2000,5322.013,9283.82,2000,5287.939,9242.828,2000,5304.225,9250.896,2000,5317.379,9285.965,2000,5308.831
9288.005,2000,5295.809,9278.577,2000,5283.396,9272.973,2000,5279.281,9270.759,2000,5322.657,9244.252,2000,5310.694,9258.393,2000,5322.485,9284.193,2000,5287.615,9242.346,2000,5304.117,9250.527,2000,5317.708,9286.408,2000,5309.048
9288.452,2000,5295.728,9278.735,2000,5282.969,9272.949,2000,5278.827,9270.899,2000,5323.09,9243.808,2000,5310.792,9258.259,2000,5322.92,9284.537,2000,5287.317,9241.902,2000,5304.016,9250.188,2000,5318.011,9286.816,2000,5309.249
9289.302,2000,5295.575,9279.034,2000,5282.159,9272.9,2000,5277.964,9271.166,2000,5323.911,9242.964,2000,5310.975,9258.005,2000,5323.746,9285.188,2000,5286.75,9241.061,2000,5303.821,9249.543,2000,5318.586,9287.592,2000,5309.629
9289.722,2000,5295.5,9279.181,2000,5281.758,9272.873,2000,5277.539,9271.299,2000,5324.316,9242.547,2000,5311.063,9257.88,2000,5324.153,9285.51,2000,5286.47,9240.646,2000,5303.722,9249.225,2000,5318.87,9287.975,2000,5309.818
9290.344,2000,5295.389,9279.397,2000,5281.165,9272.83,2000,5276.908,9271.495,2000,5324.917,9241.929,2000,5311.195,9257.695,2000,5324.758,9285.986,2000,5286.055,9240.031,2000,5303.574,9248.752,2000,5319.29,9288.541,2000,5310.098
9291.315,2000,5295.217,9279.734,2000,5280.237,9272.758,2000,5275.924,9271.803,2000,5325.854,9240.963,2000,5311.397,9257.408,2000,5325.702,9286.73,2000,5285.407,9239.073,2000,5303.337,9248.015,2000,5319.946,9289.425,2000,5310.536
9291.831,2000,5295.127,9279.911,2000,5279.745,9272.716,2000,5275.402,9271.967,2000,5326.351,9240.45,2000,5311.503,9257.256,2000,5326.202,9287.125,2000,5285.063,9238.566,2000,5303.209,9247.624,2000,5320.293,9289.894,2000,5310.769
9293.202,2000,5294.888,9280.381,2000,5278.435,9272.599,2000,5274.016,9272.404,2000,5327.672,9239.087,2000,5311.783,9256.853,2000,5327.534,9288.173,2000,5284.147,9237.219,2000,5302.862,9246.584,2000,5321.218,9291.14,2000,5311.39
9293.419,2000,5294.85,9280.454,2000,5278.228,9272.578,2000,5273.797,9272.474,2000,5327.881,9238.871,2000,5311.827,9256.789,2000,5327.745,9288.338,2000,5284.003,9237.007,2000,5302.806,9246.42,2000,5321.364,9291.336,2000,5311.488
9294.437,2000,5294.675,9280.799,2000,5277.254,9272.479,2000,5272.769,9272.801,2000,5328.861,9237.858,2000,5312.03,9256.491,2000,5328.734,9289.115,2000,5283.323,9236.009,2000,5302.539,9245.647,2000,5322.049,9292.26,2000,5311.95
9295.283,2000,5294.53,9281.084,2000,5276.444,9272.392,2000,5271.914,9273.074,2000,5329.676,9237.016,2000,5312.197,9256.244,2000,5329.557,9289.762,2000,5282.757,9235.18,2000,5302.312,9245.004,2000,5322.619,9293.027,2000,5312.336
9295.971,2000,5294.413,9281.314,2000,5275.785,9272.316,2000,5271.22,9273.297,2000,5330.337,9236.331,2000,5312.331,9256.044,2000,5330.226,9290.287,2000,5282.298,9234.508,2000,5302.124,9244.481,2000,5323.082,9293.65,2000,5312.65
9296.843,2000,5294.265,9281.605,2000,5274.95,9272.218,2000,5270.341,9273.58,2000,5331.175,9235.463,2000,5312.499,9255.791,2000,5331.073,9290.953,2000,5281.715,9233.656,2000,5301.883,9243.819,2000,5323.668,9294.44,2000,5313.049
9297.27,2000,5294.193,9281.747,2000,5274.541,9272.168,2000,5269.911,9273.719,2000,5331.585,9235.038,2000,5312.581,9255.668,2000,5331.488,9291.278,2000,5281.431,9233.24,2000,5301.764,9243.495,2000,5323.955,9294.826,2000,5313.244
9298.356,2000,5294.011,9282.106,2000,5273.499,9272.038,2000,5268.817,9274.072,2000,5332.629,9233.955,2000,5312.788,9255.354,2000,5332.544,9292.107,2000,5280.705,9232.182,2000,5301.457,9242.67,2000,5324.685,9295.81,2000,5313.742
9298.919,2000,5293.917,9282.291,2000,5272.96,9271.968,2000,5268.251,9274.256,2000,5333.168,9233.396,2000,5312.893,9255.192,2000,5333.091,9292.536,2000,5280.329,9231.635,2000,5301.296,9242.243,2000,5325.063,9296.317,2000,5314
9299.602,2000,5293.804,9282.515,2000,5272.305,9271.88,2000,5267.565,9274.479,2000,5333.824,9232.715,2000,5313.021,9254.996,2000,5333.755,9293.057,2000,5279.873,9230.971,2000,5301.099,9241.725,2000,5325.521,9296.935,2000,5314.314
9300.194,2000,5293.706,9282.708,2000,5271.736,9271.802,2000,5266.97,9274.674,2000,5334.392,9232.124,2000,5313.13,9254.826,2000,5334.331,9293.508,2000,5279.477,9230.396,2000,5300.926,9241.274,2000,5325.918,9297.47,2000,5314.587
9300.902,2000,5293.59,9282.938,2000,5271.057,9271.707,2000,5266.259,9274.906,2000,5335.07,9231.419,2000,5313.261,9254.623,2000,5335.019,9294.047,2000,5279.004,9229.709,2000,5300.718,9240.737,2000,5326.393,9298.108,2000,5314.913
9301.458,2000,5293.499,9283.119,2000,5270.523,9271.631,2000,5265.701,9275.089,2000,5335.603,9230.865,2000,5313.363,9254.464,2000,5335.56,9294.471,2000,5278.633,9229.17,2000,5300.553,9240.314,2000,5326.766,9298.61,2000,5315.169
9302.121,2000,5293.391,9283.334,2000,5269.887,9271.538,2000,5265.035,9275.308,2000,5336.238,9230.204,2000,5313.483,9254.274,2000,5336.204,9294.976,2000,5278.189,9228.528,2000,5300.354,9239.811,2000,5327.211,9299.208,2000,5315.476
9302.645,2000,5293.306,9283.503,2000,5269.384,9271.463,2000,5264.51,9275.48,2000,5336.739,9229.683,2000,5313.578,9254.125,2000,5336.713,9295.374,2000,5277.84,9228.022,2000,5300.197,9239.413,2000,5327.562,9299.68,2000,5315.717
9303.267,2000,5293.205,9283.703,2000,5268.787,9271.373,2000,5263.887,9275.687,2000,5337.335,9229.063,2000,5313.69,9253.948,2000,5337.317,9295.848,2000,5277.424,9227.421,2000,5300.008,9238.94,2000,5327.978,9300.24,2000,5316.005
9303.758,2000,5293.125,9283.86,2000,5268.314,9271.301,2000,5263.394,9275.85,2000,5337.806,9228.572,2000,5313.778,9253.809,2000,5337.795,9296.222,2000,5277.096,9226.946,2000,5299.858,9238.567,2000,5328.307,9300.683,2000,5316.232
9304.342,2000,5293.031,9284.047,2000,5267.753,9271.214,2000,5262.809,9276.043,2000,5338.364,9227.99,2000,5313.882,9253.643,2000,5338.363,9296.666,2000,5276.706,9226.383,2000,5299.679,9238.124,2000,5328.698,9301.208,2000,5316.503
9304.854,2000,5292.949,9284.21,2000,5267.262,9271.137,2000,5262.296,9276.213,2000,5338.854,9227.479,2000,5313.973,9253.497,2000,5338.861,9297.056,2000,5276.364,9225.89,2000,5299.521,9237.735,2000,5329.041,9301.669,2000,5316.74
9305.253,2000,5292.885,9284.337,2000,5266.877,9271.075,2000,5261.896,9276.346,2000,5339.236,9227.081,2000,5314.043,9253.384,2000,5339.25,9297.36,2000,5276.097,9225.504,2000,5299.397,9237.432,2000,5329.308,9302.029,2000,5316.926
9305.959,2000,5292.772,9284.562,2000,5266.198,9270.966,2000,5261.189,9276.581,2000,5339.912,9226.377,2000,5314.168,9253.184,2000,5339.937,9297.897,2000,5275.625,9224.823,2000,5299.177,9236.895,2000,5329.781,9302.665,2000,5317.254
9306.165,2000,5292.74,9284.627,2000,5266,9270.934,2000,5260.983,9276.649,2000,5340.109,9226.172,2000,5314.204,9253.125,2000,5340.137,9298.054,2000,5275.487,9224.625,2000,5299.112,9236.738,2000,5329.918,9302.851,2000,5317.35
9306.802,2000,5292.638,9284.829,2000,5265.388,9270.833,2000,5260.346,9276.861,2000,5340.718,9225.536,2000,5314.315,9252.945,2000,5340.756,9298.538,2000,5275.061,9224.012,2000,5298.912,9236.254,2000,5330.345,9303.424,2000,5317.646
9307.067,2000,5292.596,9284.913,2000,5265.132,9270.79,2000,5260.081,9276.95,2000,5340.971,9225.271,2000,5314.361,9252.871,2000,5341.014,9298.74,2000,5274.884,9223.757,2000,5298.828,9236.053,2000,5330.522,9303.662,2000,5317.77
9307.666,2000,5292.501,9285.102,2000,5264.557,9270.693,2000,5259.483,9277.15,2000,5341.543,9224.675,2000,5314.465,9252.702,2000,5341.596,9299.195,2000,5274.484,9223.182,2000,5298.638,9235.598,2000,5330.922,9304.2,2000,5318.048
9307.916,2000,5292.462,9285.181,2000,5264.316,9270.652,2000,5259.233,9277.234,2000,5341.782,9224.426,2000,5314.508,9252.632,2000,5341.839,9299.386,2000,5274.317,9222.941,2000,5298.559,9235.407,2000,5331.089,9304.425,2000,5318.164
9308.594,2000,5292.355,9285.394,2000,5263.664,9270.541,2000,5258.556,9277.461,2000,5342.43,9223.749,2000,5314.625,9252.441,2000,5342.499,9299.901,2000,5273.864,9222.29,2000,5298.342,9234.892,2000,5331.542,9305.034,2000,5318.48
9308.913,2000,5292.305,9285.494,2000,5263.356,9270.488,2000,5258.237,9277.568,2000,5342.735,9223.431,2000,5314.68,9252.352,2000,5342.81,9300.145,2000,5273.65,9221.983,2000,5298.239,9234.648,2000,5331.756,9305.321,2000,5318.629
9309.127,2000,5292.271,9285.562,2000,5263.15,9270.452,2000,5258.024,9277.64,2000,5342.939,9223.218,2000,5314.716,9252.292,2000,5343.018,9300.307,2000,5273.507,9221.778,2000,5298.17,9234.486,2000,5331.899,9305.514,2000,5318.729
9309.696,2000,5292.182,9285.74,2000,5262.603,9270.356,2000,5257.456,9277.83,2000,5343.483,9222.649,2000,5314.813,9252.133,2000,5343.571,9300.739,2000,5273.126,9221.232,2000,5297.987,9234.054,2000,5332.279,9306.025,2000,5318.994
9309.954,2000,5292.142,9285.82,2000,5262.355,9270.313,2000,5257.199,9277.917,2000,5343.729,9222.393,2000,5314.857,9252.061,2000,5343.822,9300.935,2000,5272.955,9220.985,2000,5297.903,9233.858,2000,5332.451,9306.257,2000,5319.114
9310.228,2000,5292.1,9285.905,2000,5262.092,9270.266,2000,5256.926,9278.009,2000,5343.989,9222.12,2000,5314.904,9251.984,2000,5344.087,9301.143,2000,5272.772,9220.724,2000,5297.814,9233.65,2000,5332.634,9306.502,2000,5319.242
9310.713,2000,5292.024,9286.057,2000,5261.624,9270.183,2000,5256.442,9278.172,2000,5344.453,9221.636,2000,5314.986,9251.849,2000,5344.56,9301.512,2000,5272.447,9220.259,2000,5297.656,9233.281,2000,5332.958,9306.938,2000,5319.469
9310.919,2000,5291.992,9286.121,2000,5261.426,9270.147,2000,5256.237,9278.241,2000,5344.649,9221.431,2000,5315.021,9251.791,2000,5344.76,9301.668,2000,5272.31,9220.062,2000,5297.589,9233.125,2000,5333.096,9307.122,2000,5319.565
9311.354,2000,5291.924,9286.257,2000,5261.006,9270.072,2000,5255.802,9278.388,2000,5345.065,9220.996,2000,5315.095,9251.669,2000,5345.184,9301.999,2000,5272.019,9219.645,2000,5297.446,9232.794,2000,5333.387,9307.513,2000,5319.77
9311.656,2000,5291.877,9286.351,2000,5260.715,9270.02,2000,5255.501,9278.489,2000,5345.353,9220.694,2000,5315.146,9251.585,2000,5345.478,9302.229,2000,5271.817,9219.355,2000,5297.347,9232.564,2000,5333.588,9307.783,2000,5319.911
9311.946,2000,5291.832,9286.44,2000,5260.435,9269.969,2000,5255.212,9278.587,2000,5345.63,9220.404,2000,5315.194,9251.504,2000,5345.76,9302.449,2000,5271.623,9219.078,2000,5297.251,9232.344,2000,5333.782,9308.044,2000,5320.046
9312.229,2000,5291.789,9286.528,2000,5260.163,9269.919,2000,5254.931,9278.683,2000,5345.899,9220.122,2000,5315.242,9251.425,2000,5346.034,9302.664,2000,5271.434,9218.808,2000,5297.158,9232.129,2000,5333.971,9308.297,2000,5320.179
9312.502,2000,5291.746,9286.613,2000,5259.899,9269.87,2000,5254.658,9278.775,2000,5346.161,9219.849,2000,5315.288,9251.349,2000,5346.301,9302.872,2000,5271.251,9218.546,2000,5297.068,9231.921,2000,5334.153,9308.543,2000,5320.307
9312.767,2000,5291.705,9286.695,2000,5259.644,9269.823,2000,5254.394,9278.864,2000,5346.414,9219.584,2000,5315.332,9251.274,2000,5346.559,9303.073,2000,5271.074,9218.293,2000,5296.98,9231.72,2000,5334.33,9308.78,2000,5320.431
9313.023,2000,5291.666,9286.774,2000,5259.396,9269.777,2000,5254.138,9278.951,2000,5346.659,9219.327,2000,5315.375,9251.203,2000,5346.809,9303.269,2000,5270.902,9218.048,2000,5296.895,9231.524,2000,5334.501,9309.011,2000,5320.552
9313.272,2000,5291.627,9286.852,2000,5259.157,9269.732,2000,5253.89,9279.035,2000,5346.896,9219.079,2000,5315.417,9251.134,2000,5347.051,9303.458,2000,5270.735,9217.81,2000,5296.812,9231.335,2000,5334.667,9309.234,2000,5320.668
9313.479,2000,5291.595,9286.915,2000,5258.958,9269.695,2000,5253.685,9279.104,2000,5347.092,9218.874,2000,5315.451,9251.076,2000,5347.251,9303.614,2000,5270.598,9217.613,2000,5296.744,9231.179,2000,5334.805,9309.419,2000,5320.765
9313.846,2000,5291.539,9287.028,2000,5258.605,9269.629,2000,5253.32,9279.229,2000,5347.442,9218.508,2000,5315.512,9250.975,2000,5347.608,9303.893,2000,5270.353,9217.263,2000,5296.621,9230.899,2000,5335.049,9309.748,2000,5320.937
9314.052,2000,5291.507,9287.092,2000,5258.407,9269.592,2000,5253.115,9279.298,2000,5347.638,9218.303,2000,5315.546,9250.917,2000,5347.808,9304.049,2000,5270.215,9217.066,2000,5296.552,9230.743,2000,5335.187,9309.933,2000,5321.034
9314.278,2000,5291.472,9287.161,2000,5258.189,9269.551,2000,5252.89,9279.374,2000,5347.854,9218.077,2000,5315.583,9250.854,2000,5348.028,9304.221,2000,5270.063,9216.851,2000,5296.477,9230.571,2000,5335.337,9310.136,2000,5321.14
9314.484,2000,5291.44,9287.225,2000,5257.99,9269.514,2000,5252.685,9279.443,2000,5348.05,9217.872,2000,5315.618,9250.797,2000,5348.229,9304.377,2000,5269.926,9216.654,2000,5296.408,9230.415,2000,5335.475,9310.32,2000,5321.236
9314.813,2000,5291.39,9287.325,2000,5257.673,9269.453,2000,5252.357,9279.555,2000,5348.364,9217.544,2000,5315.672,9250.706,2000,5348.548,9304.627,2000,5269.706,9216.341,2000,5296.297,9230.165,2000,5335.694,9310.615,2000,5321.391
9315.02,2000,5291.362,9287.389,2000,5257.475,9269.415,2000,5252.152,9279.624,2000,5348.56,9217.338,2000,5315.703,9250.648,2000,5348.749,9304.783,2000,5269.568,9216.145,2000,5296.228,9230.009,2000,5335.831,9310.8,2000,5321.487
9315.267,2000,5291.329,9287.464,2000,5257.237,9269.369,2000,5251.907,9279.708,2000,5348.795,9217.092,2000,5315.739,9250.58,2000,5348.988,9304.971,2000,5269.404,9215.909,2000,5296.145,9229.821,2000,5335.996,9311.021,2000,5321.603
9315.51,2000,5291.296,9287.538,2000,5257.003,9269.324,2000,5251.666,9279.79,2000,5349.026,9216.849,2000,5315.775,9250.513,2000,5349.224,9305.155,2000,5269.242,9215.678,2000,5296.063,9229.637,2000,5336.157,9311.238,2000,5321.717
9315.716,2000,5291.269,9287.602,2000,5256.805,9269.286,2000,5251.461,9279.86,2000,5349.223,9216.643,2000,5315.806,9250.456,2000,5349.424,9305.312,2000,5269.104,9215.481,2000,5295.993,9229.479,2000,5336.294,9311.423,2000,5321.814
9315.922,2000,5291.237,9287.664,2000,5256.606,9269.248,2000,5251.257,9279.931,2000,5349.419,9216.436,2000,5315.83,9250.399,2000,5349.625,9305.464,2000,5268.961,9215.287,2000,5295.917,9229.322,2000,5336.432,9311.607,2000,5321.911
9316.128,2000,5291.205,9287.725,2000,5256.406,9269.203,2000,5251.053,9280.001,2000,5349.615,9216.228,2000,5315.847,9250.343,2000,5349.825,9305.612,2000,5268.815,9215.096,2000,5295.834,9229.165,2000,5336.569,9311.792,2000,5322.007
9316.334,2000,5291.173,9287.785,2000,5256.207,9269.151,2000,5250.852,9280.071,2000,5349.812,9216.02,2000,5315.862,9250.286,2000,5350.026,9305.761,2000,5268.669,9214.907,2000,5295.746,9229.008,2000,5336.706,9311.974,2000,5322.11
9316.54,2000,5291.142,9287.845,2000,5256.007,9269.1,2000,5250.65,9280.142,2000,5350.008,9215.812,2000,5315.877,9250.229,2000,5350.227,9305.909,2000,5268.523,9214.719,2000,5295.658,9228.851,2000,5336.843,9312.153,2000,5322.215
9316.746,2000,5291.11,9287.898,2000,5255.806,9269.048,2000,5250.448,9280.212,2000,5350.204,9215.604,2000,5315.893,9250.173,2000,5350.427,9306.058,2000,5268.377,9214.53,2000,5295.569,9228.689,2000,5336.975,9312.333,2000,5322.319
9316.952,2000,5291.078,9287.945,2000,5255.603,9268.99,2000,5250.248,9280.288,2000,5350.398,9215.396,2000,5315.908,9250.116,2000,5350.628,9306.206,2000,5268.231,9214.342,2000,5295.48,9228.525,2000,5337.104,9312.513,2000,5322.424
9317.158,2000,5291.046,9287.989,2000,5255.399,9268.933,2000,5250.048,9280.366,2000,5350.591,9215.188,2000,5315.922,9250.06,2000,5350.829,9306.354,2000,5268.085,9214.153,2000,5295.391,9228.361,2000,5337.232,9312.692,2000,5322.528
9317.365,2000,5291.021,9288.033,2000,5255.195,9268.874,2000,5249.848,9280.445,2000,5350.784,9214.979,2000,5315.937,9250.01,2000,5351.031,9306.508,2000,5267.944,9213.965,2000,5295.302,9228.202,2000,5337.366,9312.872,2000,5322.633
9317.572,2000,5291.002,9288.077,2000,5254.992,9268.815,2000,5249.647,9280.523,2000,5350.977,9214.771,2000,5315.952,9249.967,2000,5351.234,9306.665,2000,5267.807,9213.776,2000,5295.213,9228.046,2000,5337.503,9313.052,2000,5322.737
9317.78,2000,5290.99,9288.121,2000,5254.788,9268.757,2000,5249.447,9280.602,2000,5351.169,9214.563,2000,5315.966,9249.931,2000,5351.439,9306.822,2000,5267.67,9213.588,2000,5295.124,9227.89,2000,5337.641,9313.231,2000,5322.842
9317.988,2000,5290.979,9288.165,2000,5254.584,9268.698,2000,5249.248,9280.68,2000,5351.362,9214.355,2000,5315.981,9249.895,2000,5351.645,9306.979,2000,5267.533,9213.399,2000,5295.035,9227.733,2000,5337.779,9313.411,2000,5322.946
9318.196,2000,5290.967,9288.209,2000,5254.381,9268.64,2000,5249.048,9280.759,2000,5351.555,9214.147,2000,5315.996,9249.858,2000,5351.85,9307.137,2000,5267.396,9213.211,2000,5294.945,9227.577,2000,5337.917,9313.591,2000,5323.051
9318.404,2000,5290.955,9288.253,2000,5254.177,9268.581,2000,5248.848,9280.838,2000,5351.748,9213.939,2000,5316.01,9249.822,2000,5352.055,9307.294,2000,5267.258,9213.022,2000,5294.856,9227.421,2000,5338.054,9313.771,2000,5323.155
9318.612,2000,5290.943,9288.297,2000,5253.974,9268.522,2000,5248.648,9280.917,2000,5351.941,9213.732,2000,5316.032,9249.786,2000,5352.26,9307.451,2000,5267.121,9212.834,2000,5294.767,9227.265,2000,5338.192,9313.947,2000,5323.266
9318.82,2000,5290.932,9288.341,2000,5253.77,9268.464,2000,5248.449,9280.996,2000,5352.134,9213.525,2000,5316.055,9249.75,2000,5352.465,9307.608,2000,5266.984,9212.646,2000,5294.677,9227.108,2000,5338.33,9314.12,2000,5323.382
9319.028,2000,5290.92,9288.385,2000,5253.566,9268.404,2000,5248.249,9281.075,2000,5352.327,9213.318,2000,5316.078,9249.714,2000,5352.67,9307.766,2000,5266.847,9212.458,2000,5294.587,9226.952,2000,5338.467,9314.289,2000,5323.504
9319.236,2000,5290.908,9288.429,2000,5253.363,9268.345,2000,5248.049,9281.154,2000,5352.52,9213.111,2000,5316.101,9249.678,2000,5352.875,9307.923,2000,5266.709,9212.271,2000,5294.497,9226.796,2000,5338.605,9314.458,2000,5323.626
9319.444,2000,5290.896,9288.473,2000,5253.159,9268.285,2000,5247.85,9281.233,2000,5352.712,9212.904,2000,5316.123,9249.642,2000,5353.08,9308.08,2000,5266.572,9212.083,2000,5294.407,9226.64,2000,5338.743,9314.627,2000,5323.749
9319.652,2000,5290.885,9288.517,2000,5252.956,9268.226,2000,5247.65,9281.313,2000,5352.905,9212.697,2000,5316.146,9249.605,2000,5353.285,9308.237,2000,5266.435,9211.896,2000,5294.317,9226.483,2000,5338.88,9314.795,2000,5323.872
9319.86,2000,5290.873,9288.566,2000,5252.753,9268.159,2000,5247.452,9281.397,2000,5353.096,9212.49,2000,5316.168,9249.569,2000,5353.49,9308.39,2000,5266.293,9211.711,2000,5294.221,9226.322,2000,5339.013,9314.963,2000,5323.994
9320.068,2000,5290.861,9288.618,2000,5252.552,9268.087,2000,5247.257,9281.488,2000,5353.283,9212.283,2000,5316.19,9249.533,2000,5353.695,9308.537,2000,5266.146,9211.529,2000,5294.119,9226.157,2000,5339.14,9315.131,2000,5324.117
9320.276,2000,5290.85,9288.67,2000,5252.35,9268.008,2000,5247.064,9281.586,2000,5353.467,9212.076,2000,5316.213,9249.496,2000,5353.9,9308.68,2000,5265.994,9211.352,2000,5294.011,9225.988,2000,5339.262,9315.299,2000,5324.239
9320.484,2000,5290.838,9288.722,2000,5252.148,9267.923,2000,5246.874,9281.684,2000,5353.651,9211.869,2000,5316.235,9249.459,2000,5354.105,9308.817,2000,5265.838,9211.177,2000,5293.897,9225.815,2000,5339.378,9315.467,2000,5324.362
9320.692,2000,5290.826,9288.768,2000,5251.945,9267.832,2000,5246.687,9281.782,2000,5353.834,9211.661,2000,5316.251,9249.422,2000,5354.311,9308.95,2000,5265.677,9211.006,2000,5293.778,9225.639,2000,5339.488,9315.635,2000,5324.484
9320.9,2000,5290.814,9288.807,2000,5251.741,9267.739,2000,5246.5,9281.881,2000,5354.018,9211.453,2000,5316.261,9249.385,2000,5354.516,9309.08,2000,5265.514,9210.836,2000,5293.657,9225.46,2000,5339.596,9315.803,2000,5324.607
9321.108,2000,5290.803,9288.839,2000,5251.535,9267.646,2000,5246.313,9281.979,2000,5354.202,9211.245,2000,5316.263,9249.348,2000,5354.721,9309.21,2000,5265.351,9210.666,2000,5293.537,9225.281,2000,5339.703,9315.971,2000,5324.729
9321.316,2000,5290.791,9288.864,2000,5251.328,9267.554,2000,5246.127,9282.077,2000,5354.385,9211.037,2000,5316.259,9249.311,2000,5354.926,9309.34,2000,5265.188,9210.496,2000,5293.416,9225.103,2000,5339.811,9316.139,2000,5324.852
9321.524,2000,5290.779,9288.883,2000,5251.12,9267.461,2000,5245.94,9282.175,2000,5354.569,9210.829,2000,5316.248,9249.273,2000,5355.131,9309.47,2000,5265.025,9210.326,2000,5293.294,9224.924,2000,5339.918,9316.307,2000,5324.975
9322.108,2000,5290.745,9288.916,2000,5250.536,9267.199,2000,5245.417,9282.45,2000,5355.085,9210.246,2000,5316.197,9249.169,2000,5355.707,9309.833,2000,5264.567,9209.851,2000,5292.954,9224.423,2000,5340.219,9316.779,2000,5325.319
9322.39,2000,5290.729,9288.923,2000,5250.255,9267.072,2000,5245.166,9282.583,2000,5355.333,9209.966,2000,5316.169,9249.119,2000,5355.983,9310.008,2000,5264.346,9209.622,2000,5292.79,9224.182,2000,5340.364,9317.007,2000,5325.484
9322.69,2000,5290.711,9288.928,2000,5249.954,9266.937,2000,5244.897,9282.725,2000,5355.599,9209.666,2000,5316.139,9249.065,2000,5356.28,9310.194,2000,5264.11,9209.378,2000,5292.613,9223.923,2000,5340.518,9317.25,2000,5325.662
9323.279,2000,5290.676,9288.936,2000,5249.363,9266.669,2000,5244.371,9283.003,2000,5356.119,9209.079,2000,5316.079,9248.959,2000,5356.86,9310.56,2000,5263.646,9208.899,2000,5292.267,9223.416,2000,5340.82,9317.728,2000,5326.009
9323.729,2000,5290.648,9288.941,2000,5248.912,9266.464,2000,5243.969,9283.216,2000,5356.517,9208.63,2000,5316.033,9248.878,2000,5357.304,9310.838,2000,5263.292,9208.534,2000,5292.001,9223.028,2000,5341.051,9318.092,2000,5326.275
9324.458,2000,5290.628,9288.95,2000,5248.184,9266.131,2000,5243.321,9283.559,2000,5357.16,9207.905,2000,5315.958,9248.771,2000,5358.024,9311.287,2000,5262.718,9207.946,2000,5291.572,9222.401,2000,5341.422,9318.681,2000,5326.704
9325.132,2000,5290.632,9288.957,2000,5247.51,9265.821,2000,5242.722,9283.856,2000,5357.764,9207.235,2000,5315.887,9248.692,2000,5358.694,9311.702,2000,5262.187,9207.393,2000,5291.188,9221.821,2000,5341.765,9319.226,2000,5327.1
9325.855,2000,5290.659,9288.964,2000,5246.786,9265.486,2000,5242.08,9284.155,2000,5358.424,9206.515,2000,5315.81,9248.632,2000,5359.416,9312.147,2000,5261.615,9206.799,2000,5290.773,9221.197,2000,5342.132,9319.812,2000,5327.526
9326.627,2000,5290.713,9288.97,2000,5246.012,9265.146,2000,5241.385,9284.497,2000,5359.118,9205.746,2000,5315.727,9248.593,2000,5360.188,9312.643,2000,5261.021,9206.166,2000,5290.329,9220.53,2000,5342.523,9320.452,2000,5327.96
9327.443,2000,5290.798,9288.975,2000,5245.191,9264.783,2000,5240.648,9284.884,2000,5359.843,9204.93,2000,5315.637,9248.578,2000,5361.01,9313.188,2000,5260.407,9205.495,2000,5289.855,9219.836,2000,5342.961,9321.116,2000,5328.443
9328.31,2000,5290.916,9288.979,2000,5244.317,9264.395,2000,5239.866,9285.32,2000,5360.6,9204.062,2000,5315.54,9248.591,2000,5361.884,9313.79,2000,5259.773,9204.782,2000,5289.349,9219.112,2000,5343.452,9321.806,2000,5328.979
9329.215,2000,5291.07,9288.983,2000,5243.398,9263.983,2000,5239.044,9285.805,2000,5361.38,9203.148,2000,5315.437,9248.635,2000,5362.801,9314.444,2000,5259.128,9204.035,2000,5288.815,9218.369,2000,5343.991,9322.512,2000,5329.567
9330.16,2000,5291.241,9288.986,2000,5242.438,9263.551,2000,5238.187,9286.338,2000,5362.179,9202.193,2000,5315.327,9248.69,2000,5363.761,9315.15,2000,5258.477,9203.255,2000,5288.255,9217.61,2000,5344.581,9323.229,2000,5330.205
9331.147,2000,5291.42,9288.989,2000,5241.434,9263.097,2000,5237.292,9286.919,2000,5362.998,9201.196,2000,5315.212,9248.748,2000,5364.763,9315.91,2000,5257.82,9202.441,2000,5287.667,9216.839,2000,5345.223,9323.962,2000,5330.892
9332.181,2000,5291.608,9288.992,2000,5240.383,9262.618,2000,5236.356,9287.528,2000,5363.854,9200.152,2000,5315.091,9248.81,2000,5365.812,9316.727,2000,5257.159,9201.591,2000,5287.05,9216.054,2000,5345.92,9324.728,2000,5331.611
9333.252,2000,5291.804,9288.994,2000,5239.293,9262.091,2000,5235.403,9288.131,2000,5364.762,9199.075,2000,5314.93,9248.874,2000,5366.899,9317.573,2000,5256.474,9200.711,2000,5286.408,9215.264,2000,5346.67,9325.521,2000,5332.358
9334.706,2000,5292.071,9288.949,2000,5237.816,9261.333,2000,5234.133,9288.907,2000,5366.02,9197.621,2000,5314.664,9248.961,2000,5368.375,9318.722,2000,5255.543,9199.546,2000,5285.498,9214.204,2000,5347.7,9326.595,2000,5333.373
9335.349,2000,5292.189,9288.908,2000,5237.164,9260.979,2000,5233.583,9289.232,2000,5366.586,9196.982,2000,5314.525,9249,2000,5369.027,9319.229,2000,5255.132,9199.044,2000,5285.079,9213.734,2000,5348.155,9327.084,2000,5333.806
9336.815,2000,5292.458,9288.766,2000,5235.679,9260.133,2000,5232.355,9289.932,2000,5367.904,9195.536,2000,5314.161,9249.089,2000,5370.516,9320.388,2000,5254.192,9197.932,2000,5284.085,9212.663,2000,5349.193,9328.232,2000,5334.757
9338.07,2000,5292.689,9288.602,2000,5234.413,9259.375,2000,5231.329,9290.492,2000,5369.051,9194.31,2000,5313.809,9249.123,2000,5371.792,9321.377,2000,5253.386,9197.008,2000,5283.205,9211.744,2000,5350.079,9329.241,2000,5335.539
9338.912,2000,5292.844,9288.464,2000,5233.568,9258.844,2000,5230.657,9290.843,2000,5369.832,9193.495,2000,5313.546,9249.118,2000,5372.647,9322.04,2000,5252.845,9196.408,2000,5282.594,9211.127,2000,5350.671,9329.935,2000,5336.04
9340.453,2000,5293.075,9288.163,2000,5232.039,9257.838,2000,5229.466,9291.435,2000,5371.273,9192.028,2000,5313.02,9249.058,2000,5374.205,9323.246,2000,5251.857,9195.353,2000,5281.447,9210.001,2000,5351.749,9331.227,2000,5336.912
9341.786,2000,5293.23,9287.861,2000,5230.731,9256.938,2000,5228.47,9291.943,2000,5372.515,9190.781,2000,5312.525,9248.962,2000,5375.543,9324.281,2000,5251.003,9194.477,2000,5280.431,9209.028,2000,5352.673,9332.363,2000,5337.625
9343.436,2000,5293.368,9287.437,2000,5229.132,9255.79,2000,5227.279,9292.57,2000,5374.046,9189.264,2000,5311.865,9248.79,2000,5377.189,9325.556,2000,5249.947,9193.438,2000,5279.142,9207.825,2000,5353.81,9333.792,2000,5338.459
9344.549,2000,5293.424,9287.115,2000,5228.064,9254.99,2000,5226.502,9292.992,2000,5375.078,9188.256,2000,5311.387,9248.638,2000,5378.294,9326.411,2000,5249.232,9192.767,2000,5278.251,9207.012,2000,5354.572,9334.755,2000,5339.022
9345.986,2000,5293.45,9286.656,2000,5226.702,9253.927,2000,5225.535,9293.537,2000,5376.408,9186.979,2000,5310.729,9248.396,2000,5379.71,9327.512,2000,5248.308,9191.939,2000,5277.076,9205.96,2000,5355.551,9335.996,2000,5339.747
9347.296,2000,5293.43,9286.197,2000,5225.475,9252.93,2000,5224.685,9294.034,2000,5377.621,9185.834,2000,5310.091,9248.132,2000,5380.994,9328.512,2000,5247.462,9191.222,2000,5275.98,9204.998,2000,5356.44,9337.127,2000,5340.408
9349.531,2000,5293.324,9285.346,2000,5223.405,9251.183,2000,5223.286,9294.883,2000,5379.692,9183.893,2000,5308.977,9247.655,2000,5383.181,9330.215,2000,5246.01,9190.057,2000,5274.069,9203.349,2000,5357.953,9339.059,2000,5341.538
9350.028,2000,5293.316,9285.142,2000,5222.952,9250.789,2000,5222.983,9295.086,2000,5380.145,9183.465,2000,5308.725,9247.565,2000,5383.669,9330.591,2000,5245.685,9189.812,2000,5273.636,9202.98,2000,5358.287,9339.479,2000,5341.803
9352.435,2000,5293.359,9284.094,2000,5220.786,9248.877,2000,5221.521,9296.142,2000,5382.308,9181.394,2000,5307.5,9247.208,2000,5386.049,9332.41,2000,5244.109,9188.638,2000,5271.535,9201.193,2000,5359.899,9341.474,2000,5343.151
9353.64,2000,5293.42,9283.559,2000,5219.705,9247.905,2000,5220.807,9296.706,2000,5383.374,9180.336,2000,5306.92,9246.99,2000,5387.236,9333.317,2000,5243.314,9188.068,2000,5270.472,9200.293,2000,5360.702,9342.45,2000,5343.859
9354.101,2000,5293.429,9283.367,2000,5219.285,9247.531,2000,5220.537,9296.935,2000,5383.773,9179.925,2000,5306.712,9246.892,2000,5387.686,9333.674,2000,5243.021,9187.854,2000,5270.063,9199.948,2000,5361.007,9342.832,2000,5344.117
9355.952,2000,5293.401,9282.655,2000,5217.576,9246.024,2000,5219.46,9297.906,2000,5385.35,9178.246,2000,5305.931,9246.488,2000,5389.494,9335.143,2000,5241.894,9187.002,2000,5268.419,9198.561,2000,5362.234,9344.399,2000,5345.104
9357.229,2000,5293.34,9282.203,2000,5216.38,9244.974,2000,5218.731,9298.541,2000,5386.459,9177.07,2000,5305.429,9246.211,2000,5390.742,9336.182,2000,5241.149,9186.43,2000,5267.276,9197.631,2000,5363.111,9345.497,2000,5345.76
9358.461,2000,5293.241,9281.804,2000,5215.211,9243.951,2000,5218.038,9299.119,2000,5387.551,9175.919,2000,5304.982,9245.944,2000,5391.948,9337.209,2000,5240.463,9185.888,2000,5266.167,9196.761,2000,5363.988,9346.558,2000,5346.394
9359.654,2000,5293.144,9281.454,2000,5214.065,9242.954,2000,5217.375,9299.645,2000,5388.627,9174.789,2000,5304.585,9245.687,2000,5393.117,9338.226,2000,5239.83,9185.372,2000,5265.085,9195.945,2000,5364.866,9347.586,2000,5347.008
9360.813,2000,5293.05,9281.151,2000,5212.942,9241.979,2000,5216.739,9300.12,2000,5389.689,9173.68,2000,5304.235,9245.437,2000,5394.253,9339.233,2000,5239.248,9184.837,2000,5264.052,9195.126,2000,5365.692,9348.585,2000,5347.604
9361.938,2000,5292.959,9280.893,2000,5211.843,9241.028,2000,5216.131,9300.559,2000,5390.729,9172.592,2000,5303.932,9245.194,2000,5395.356,9340.229,2000,5238.716,9184.285,2000,5263.067,9194.305,2000,5366.467,9349.555,2000,5348.183
9363.584,2000,5292.827,9280.567,2000,5210.225,9239.668,2000,5215.197,9301.2,2000,5392.25,9170.988,2000,5303.54,9244.84,2000,5396.968,9341.659,2000,5237.89,9183.432,2000,5261.654,9193.068,2000,5367.56,9350.972,2000,5349.029
9365.298,2000,5292.69,9280.284,2000,5208.529,9238.283,2000,5214.178,9301.868,2000,5393.834,9169.306,2000,5303.187,9244.471,2000,5398.647,9343.119,2000,5236.982,9182.495,2000,5260.212,9191.746,2000,5368.659,9352.448,2000,5349.91
9365.887,2000,5292.644,9280.206,2000,5207.944,9237.819,2000,5213.813,9302.098,2000,5394.378,9168.725,2000,5303.085,9244.344,2000,5399.224,9343.61,2000,5236.654,9182.157,2000,5259.728,9191.292,2000,5369.035,9352.955,2000,5350.213
9366.474,2000,5292.598,9280.147,2000,5207.358,9237.368,2000,5213.434,9302.327,2000,5394.921,9168.142,2000,5303.002,9244.217,2000,5399.799,9344.089,2000,5236.311,9181.805,2000,5259.256,9190.838,2000,5369.411,9353.461,2000,5350.515
9366.792,2000,5292.572,9280.126,2000,5207.039,9237.131,2000,5213.22,9302.451,2000,5395.215,9167.824,2000,5302.967,9244.147,2000,5400.111,9344.343,2000,5236.116,9181.605,2000,5259.006,9190.592,2000,5369.614,9353.735,2000,5350.679
9368.154,2000,5292.464,9280.079,2000,5205.673,9236.145,2000,5212.273,9302.982,2000,5396.475,9166.461,2000,5302.864,9243.854,2000,5401.446,9345.399,2000,5235.249,9180.718,2000,5257.967,9189.538,2000,5370.485,9354.909,2000,5351.38
9368.873,2000,5292.408,9280.078,2000,5204.952,9235.642,2000,5211.757,9303.263,2000,5397.139,9165.741,2000,5302.833,9243.698,2000,5402.15,9345.941,2000,5234.773,9180.232,2000,5257.434,9188.982,2000,5370.945,9355.528,2000,5351.75
9370.087,2000,5292.313,9280.116,2000,5203.735,9234.82,2000,5210.858,9303.736,2000,5398.26,9164.523,2000,5302.82,9243.436,2000,5403.339,9346.83,2000,5233.941,9179.383,2000,5256.562,9188.044,2000,5371.721,9356.573,2000,5352.374
9370.647,2000,5292.268,9280.152,2000,5203.174,9234.455,2000,5210.431,9303.955,2000,5398.778,9163.961,2000,5302.825,9243.314,2000,5403.888,9347.236,2000,5233.553,9178.978,2000,5256.172,9187.61,2000,5372.079,9357.056,2000,5352.663
9371.413,2000,5292.208,9280.227,2000,5202.409,9233.976,2000,5209.831,9304.254,2000,5399.486,9163.193,2000,5302.832,9243.148,2000,5404.638,9347.792,2000,5233.022,9178.407,2000,5255.658,9187.019,2000,5372.568,9357.715,2000,5353.057
9372.464,2000,5292.124,9280.362,2000,5201.364,9233.345,2000,5208.987,9304.664,2000,5400.457,9162.14,2000,5302.841,9242.921,2000,5405.667,9348.554,2000,5232.294,9177.602,2000,5254.979,9186.206,2000,5373.24,9358.619,2000,5353.597
9372.976,2000,5292.083,9280.43,2000,5200.856,9233.051,2000,5208.566,9304.863,2000,5400.929,9161.627,2000,5302.845,9242.811,2000,5406.168,9348.925,2000,5231.94,9177.199,2000,5254.662,9185.811,2000,5373.566,9359.06,2000,5353.86
9373.721,2000,5292.024,9280.528,2000,5200.115,9232.644,2000,5207.94,9305.154,2000,5401.617,9160.88,2000,5302.852,9242.649,2000,5406.897,9349.465,2000,5231.424,9176.598,2000,5254.219,9185.234,2000,5374.042,9359.701,2000,5354.244
9374.583,2000,5291.956,9280.643,2000,5199.258,9232.196,2000,5207.2,9305.491,2000,5402.414,9160.016,2000,5302.859,9242.463,2000,5407.742,9350.09,2000,5230.827,9175.885,2000,5253.729,9184.568,2000,5374.593,9360.443,2000,5354.688
9375.142,2000,5291.911,9280.717,2000,5198.702,9231.922,2000,5206.71,9305.709,2000,5402.93,9159.455,2000,5302.864,9242.342,2000,5408.289,9350.495,2000,5230.439,9175.421,2000,5253.414,9184.136,2000,5374.95,9360.925,2000,5354.975
9376.087,2000,5291.835,9280.842,2000,5197.762,9231.485,2000,5205.869,9306.078,2000,5403.804,9158.507,2000,5302.872,9242.137,2000,5409.215,9351.181,2000,5229.785,9174.637,2000,5252.882,9183.404,2000,5375.553,9361.738,2000,5355.461
9376.734,2000,5291.784,9280.928,2000,5197.119,9231.205,2000,5205.283,9306.331,2000,5404.402,9157.857,2000,5302.878,9241.996,2000,5409.849,9351.65,2000,5229.336,9174.1,2000,5252.517,9182.903,2000,5375.967,9362.296,2000,5355.794
9377.362,2000,5291.733,9281.011,2000,5196.494,9230.944,2000,5204.709,9306.576,2000,5404.982,9157.228,2000,5302.884,9241.86,2000,5410.464,9352.105,2000,5228.901,9173.578,2000,5252.164,9182.418,2000,5376.368,9362.837,2000,5356.118
9377.971,2000,5291.685,9281.091,2000,5195.889,9230.691,2000,5204.154,9306.813,2000,5405.545,9156.617,2000,5302.89,9241.729,2000,5411.06,9352.547,2000,5228.479,9173.072,2000,5251.821,9181.947,2000,5376.757,9363.361,2000,5356.431
9378.484,2000,5291.644,9281.159,2000,5195.378,9230.479,2000,5203.685,9307.014,2000,5406.02,9156.103,2000,5302.895,9241.617,2000,5411.563,9352.919,2000,5228.123,9172.646,2000,5251.532,9181.55,2000,5377.085,9363.804,2000,5356.695
9379.13,2000,5291.591,9281.245,2000,5194.736,9230.21,2000,5203.095,9307.266,2000,5406.616,9155.455,2000,5302.9,9241.477,2000,5412.195,9353.388,2000,5227.675,9172.109,2000,5251.168,9181.051,2000,5377.498,9364.359,2000,5357.028
9380.155,2000,5291.509,9281.382,2000,5193.716,9229.784,2000,5202.159,9307.666,2000,5407.563,9154.427,2000,5302.91,9241.254,2000,5413.2,9354.131,2000,5226.965,9171.258,2000,5250.591,9180.258,2000,5378.152,9365.242,2000,5357.556
9380.363,2000,5291.492,9281.409,2000,5193.51,9229.698,2000,5201.97,9307.747,2000,5407.755,9154.219,2000,5302.912,9241.209,2000,5413.403,9354.281,2000,5226.821,9171.085,2000,5250.475,9180.097,2000,5378.285,9365.421,2000,5357.663
9380.571,2000,5291.476,9281.437,2000,5193.303,9229.612,2000,5201.78,9307.828,2000,5407.947,9154.011,2000,5302.914,9241.164,2000,5413.607,9354.432,2000,5226.677,9170.912,2000,5250.358,9179.936,2000,5378.417,9365.6,2000,5357.77
9381.386,2000,5291.41,9281.545,2000,5192.493,9229.274,2000,5201.036,9308.146,2000,5408.7,9153.193,2000,5302.922,9240.987,2000,5414.405,9355.022,2000,5226.112,9170.235,2000,5249.899,9179.305,2000,5378.938,9366.301,2000,5358.189
9381.897,2000,5291.368,9281.613,2000,5191.985,9229.063,2000,5200.569,9308.347,2000,5409.173,9152.681,2000,5302.927,9240.876,2000,5414.906,9355.394,2000,5225.757,9169.811,2000,5249.612,9178.909,2000,5379.265,9366.741,2000,5358.452
9382.554,2000,5291.315,9281.701,2000,5191.333,9228.79,2000,5199.97,9308.604,2000,5409.779,9152.022,2000,5302.933,9240.733,2000,5415.548,9355.869,2000,5225.302,9169.266,2000,5249.243,9178.401,2000,5379.684,9367.307,2000,5358.79
9383.068,2000,5291.273,9281.771,2000,5190.82,9228.576,2000,5199.5,9308.805,2000,5410.255,9151.506,2000,5302.938,9240.621,2000,5416.053,9356.242,2000,5224.945,9168.838,2000,5248.953,9178.003,2000,5380.013,9367.75,2000,5359.055
9383.612,2000,5291.229,9281.844,2000,5190.279,9228.351,2000,5199.003,9309.018,2000,5410.758,9150.96,2000,5302.944,9240.503,2000,5416.585,9356.637,2000,5224.568,9168.386,2000,5248.647,9177.582,2000,5380.36,9368.219,2000,5359.335
9384.42,2000,5291.163,9281.952,2000,5189.477,9228.016,2000,5198.266,9309.333,2000,5411.504,9150.15,2000,5302.952,9240.327,2000,5417.376,9357.223,2000,5224.009,9167.715,2000,5248.193,9176.957,2000,5380.875,9368.914,2000,5359.751
9384.965,2000,5291.118,9282.025,2000,5188.935,9227.789,2000,5197.768,9309.546,2000,5412.007,9149.604,2000,5302.958,9240.208,2000,5417.91,9357.618,2000,5223.631,9167.262,2000,5247.887,9176.535,2000,5381.224,9369.383,2000,5360.032
9385.922,2000,5291.04,9282.154,2000,5187.983,9227.392,2000,5196.894,9309.92,2000,5412.892,9148.644,2000,5302.968,9240,2000,5418.847,9358.313,2000,5222.968,9166.467,2000,5247.349,9175.795,2000,5381.834,9370.206,2000,5360.525
9386.757,2000,5290.972,9282.267,2000,5187.153,9227.045,2000,5196.131,9310.246,2000,5413.663,9147.806,2000,5302.977,9239.818,2000,5419.665,9358.918,2000,5222.39,9165.772,2000,5246.88,9175.148,2000,5382.368,9370.925,2000,5360.955
9387.465,2000,5290.914,9282.362,2000,5186.449,9226.751,2000,5195.484,9310.522,2000,5414.317,9147.096,2000,5302.985,9239.664,2000,5420.358,9359.432,2000,5221.899,9165.184,2000,5246.482,9174.601,2000,5382.82,9371.534,2000,5361.319
9388.387,2000,5290.839,9282.487,2000,5185.533,9226.368,2000,5194.642,9310.883,2000,5415.169,9146.171,2000,5302.995,9239.463,2000,5421.261,9360.101,2000,5221.26,9164.417,2000,5245.964,9173.887,2000,5383.408,9372.328,2000,5361.794
9389.353,2000,5290.76,9282.618,2000,5184.573,9225.968,2000,5193.76,9311.261,2000,5416.062,9145.202,2000,5303.006,9239.252,2000,5422.206,9360.801,2000,5220.59,9163.614,2000,5245.421,9173.14,2000,5384.024,9373.159,2000,5362.292
9390.855,2000,5290.636,9282.822,2000,5183.078,9225.344,2000,5192.387,9311.849,2000,5417.451,9143.694,2000,5303.023,9238.924,2000,5423.678,9361.891,2000,5219.548,9162.365,2000,5244.577,9171.977,2000,5384.984,9374.453,2000,5363.066
9392.277,2000,5290.52,9283.016,2000,5181.665,9224.754,2000,5191.088,9312.404,2000,5418.765,9142.268,2000,5303.039,9238.613,2000,5425.07,9362.922,2000,5218.563,9161.184,2000,5243.778,9170.876,2000,5385.892,9375.677,2000,5363.799
9392.555,2000,5290.497,9283.054,2000,5181.389,9224.639,2000,5190.834,9312.513,2000,5419.021,9141.989,2000,5303.042,9238.553,2000,5425.342,9363.123,2000,5218.37,9160.952,2000,5243.623,9170.661,2000,5386.069,9375.916,2000,5363.942
9394.093,2000,5290.37,9283.263,2000,5179.859,9224.001,2000,5189.429,9313.114,2000,5420.443,9140.446,2000,5303.06,9238.216,2000,5426.849,9364.239,2000,5217.304,9159.673,2000,5242.759,9169.47,2000,5387.05,9377.24,2000,5364.734
9395.683,2000,5290.238,9283.479,2000,5178.279,9223.342,2000,5187.976,9313.735,2000,5421.912,9138.852,2000,5303.079,9237.868,2000,5428.405,9365.393,2000,5216.203,9158.351,2000,5241.867,9168.239,2000,5388.064,9378.608,2000,5365.553
9396.239,2000,5290.192,9283.556,2000,5177.726,9223.111,2000,5187.467,9313.953,2000,5422.426,9138.293,2000,5303.086,9237.746,2000,5428.95,9365.797,2000,5215.817,9157.888,2000,5241.554,9167.809,2000,5388.42,9379.088,2000,5365.84
9397.207,2000,5290.112,9283.688,2000,5176.764,9222.71,2000,5186.583,9314.331,2000,5423.32,9137.322,2000,5303.098,9237.534,2000,5429.897,9366.499,2000,5215.146,9157.083,2000,5241.011,9167.06,2000,5389.037,9379.921,2000,5366.338
9398.825,2000,5289.978,9283.909,2000,5175.156,9222.039,2000,5185.105,9314.964,2000,5424.815,9135.699,2000,5303.118,9237.18,2000,5431.481,9367.673,2000,5214.025,9155.737,2000,5240.104,9165.807,2000,5390.069,9381.313,2000,5367.172
9399.725,2000,5289.903,9284.033,2000,5174.263,9221.666,2000,5184.284,9315.315,2000,5425.646,9134.797,2000,5303.129,9236.982,2000,5432.362,9368.325,2000,5213.402,9154.989,2000,5239.6,9165.11,2000,5390.643,9382.088,2000,5367.635
9400.814,2000,5289.813,9284.184,2000,5173.18,9221.214,2000,5183.289,9315.741,2000,5426.653,9133.703,2000,5303.144,9236.744,2000,5433.429,9369.116,2000,5212.647,9154.082,2000,5238.989,9164.267,2000,5391.338,9383.026,2000,5368.197
9402.479,2000,5289.674,9284.413,2000,5171.526,9220.524,2000,5181.768,9316.392,2000,5428.19,9132.034,2000,5303.166,9236.379,2000,5435.058,9370.323,2000,5211.494,9152.697,2000,5238.057,9162.979,2000,5392.4,9384.459,2000,5369.055
9403.572,2000,5289.583,9284.564,2000,5170.439,9220.071,2000,5180.769,9316.819,2000,5429.201,9130.937,2000,5303.18,9236.139,2000,5436.128,9371.116,2000,5210.736,9151.787,2000,5237.443,9162.132,2000,5393.098,9385.4,2000,5369.619
9403.78,2000,5289.565,9284.593,2000,5170.232,9219.985,2000,5180.579,9316.9,2000,5429.393,9130.729,2000,5303.183,9236.093,2000,5436.332,9371.267,2000,5210.592,9151.614,2000,5237.327,9161.971,2000,5393.23,9385.579,2000,5369.726
9405.05,2000,5289.458,9284.769,2000,5168.971,9219.459,2000,5179.419,9317.397,2000,5430.566,9129.455,2000,5303.2,9235.814,2000,5437.575,9372.188,2000,5209.711,9150.558,2000,5236.616,9160.987,2000,5394.04,9386.672,2000,5370.38
9405.667,2000,5289.406,9284.854,2000,5168.357,9219.203,2000,5178.854,9317.639,2000,5431.137,9128.835,2000,5303.208,9235.679,2000,5438.18,9372.636,2000,5209.283,9150.044,2000,5236.27,9160.509,2000,5394.434,9387.203,2000,5370.698
9406.52,2000,5289.334,9284.973,2000,5167.51,9218.85,2000,5178.075,9317.973,2000,5431.924,9127.979,2000,5303.22,9235.491,2000,5439.014,9373.254,2000,5208.692,9149.334,2000,5235.792,9159.849,2000,5394.977,9387.937,2000,5371.138
9407.682,2000,5289.237,9285.134,2000,5166.355,9218.368,2000,5177.013,9318.428,2000,5432.998,9126.813,2000,5303.236,9235.236,2000,5440.152,9374.097,2000,5207.886,9148.366,2000,5235.141,9158.948,2000,5395.718,9388.937,2000,5371.737
9408.249,2000,5289.189,9285.213,2000,5165.792,9218.133,2000,5176.495,9318.649,2000,5433.522,9126.244,2000,5303.244,9235.111,2000,5440.707,9374.508,2000,5207.493,9147.895,2000,5234.823,9158.509,2000,5396.08,9389.425,2000,5372.029
9409.075,2000,5289.12,9285.328,2000,5164.971,9217.79,2000,5175.74,9318.973,2000,5434.285,9125.415,2000,5303.256,9234.93,2000,5441.516,9375.107,2000,5206.92,9147.207,2000,5234.36,9157.869,2000,5396.607,9390.136,2000,5372.455
9409.875,2000,5289.052,9285.439,2000,5164.176,9217.459,2000,5175.009,9319.285,2000,5435.024,9124.612,2000,5303.267,9234.754,2000,5442.299,9375.688,2000,5206.366,9146.541,2000,5233.913,9157.25,2000,5397.117,9390.824,2000,5372.867
9410.878,2000,5288.967,9285.58,2000,5163.179,9217.044,2000,5174.092,9319.678,2000,5435.951,9123.605,2000,5303.281,9234.533,2000,5443.281,9376.415,2000,5205.67,9145.705,2000,5233.351,9156.473,2000,5397.757,9391.688,2000,5373.384
9411.499,2000,5288.915,9285.688,2000,5162.565,9216.786,2000,5173.524,9319.921,2000,5436.525,9122.982,2000,5303.311,9234.396,2000,5443.89,9376.852,2000,5205.225,9145.188,2000,5233.003,9155.979,2000,5398.137,9392.223,2000,5373.704
9412.13,2000,5288.861,9285.816,2000,5161.945,9216.524,2000,5172.948,9320.168,2000,5437.109,9122.352,2000,5303.361,9234.258,2000,5444.507,9377.279,2000,5204.758,9144.662,2000,5232.649,9155.464,2000,5398.507,9392.766,2000,5374.029
9412.837,2000,5288.801,9285.983,2000,5161.255,9216.231,2000,5172.301,9320.445,2000,5437.763,9121.646,2000,5303.44,9234.102,2000,5445.2,9377.742,2000,5204.219,9144.073,2000,5232.253,9154.874,2000,5398.902,9393.375,2000,5374.394
9413.52,2000,5288.743,9286.167,2000,5160.595,9215.949,2000,5171.678,9320.712,2000,5438.393,9120.969,2000,5303.54,9233.951,2000,5445.868,9378.171,2000,5203.686,9143.505,2000,5231.872,9154.293,2000,5399.265,9393.962,2000,5374.746
9414.312,2000,5288.676,9286.404,2000,5159.837,9215.622,2000,5170.954,9321.021,2000,5439.125,9120.187,2000,5303.68,9233.776,2000,5446.643,9378.648,2000,5203.05,9142.845,2000,5231.429,9153.605,2000,5399.663,9394.644,2000,5375.154
9414.95,2000,5288.621,9286.615,2000,5159.232,9215.358,2000,5170.37,9321.271,2000,5439.714,9119.56,2000,5303.814,9233.636,2000,5447.268,9379.017,2000,5202.526,9142.313,2000,5231.072,9153.041,2000,5399.966,9395.193,2000,5375.483
9415.447,2000,5288.579,9286.795,2000,5158.767,9215.153,2000,5169.916,9321.466,2000,5440.173,9119.076,2000,5303.934,9233.525,2000,5447.754,9379.289,2000,5202.108,9141.898,2000,5230.794,9152.595,2000,5400.187,9395.621,2000,5375.739
9416.051,2000,5288.526,9287.032,2000,5158.209,9214.904,2000,5169.363,9321.702,2000,5440.731,9118.493,2000,5304.099,9233.392,2000,5448.346,9379.604,2000,5201.59,9141.395,2000,5230.457,9152.043,2000,5400.438,9396.142,2000,5376.05
9416.636,2000,5288.476,9287.279,2000,5157.676,9214.663,2000,5168.828,9321.931,2000,5441.272,9117.934,2000,5304.277,9233.262,2000,5448.918,9379.892,2000,5201.079,9140.906,2000,5230.131,9151.501,2000,5400.664,9396.646,2000,5376.352
9417.2,2000,5288.426,9287.534,2000,5157.17,9214.431,2000,5168.311,9322.151,2000,5441.793,9117.399,2000,5304.467,9233.136,2000,5449.471,9380.153,2000,5200.577,9140.436,2000,5229.816,9150.972,2000,5400.864,9397.132,2000,5376.643
9417.748,2000,5288.378,9287.798,2000,5156.688,9214.205,2000,5167.809,9322.366,2000,5442.3,9116.888,2000,5304.668,9233.014,2000,5450.007,9380.392,2000,5200.081,9139.978,2000,5229.511,9150.451,2000,5401.042,9397.604,2000,5376.926
9418.437,2000,5288.317,9288.148,2000,5156.092,9213.922,2000,5167.179,9322.636,2000,5442.936,9116.253,2000,5304.941,9232.859,2000,5450.681,9380.67,2000,5199.449,9139.402,2000,5229.128,9149.79,2000,5401.243,9398.196,2000,5377.281
9418.862,2000,5288.279,9288.378,2000,5155.731,9213.747,2000,5166.788,9322.815,2000,5443.324,9115.866,2000,5305.124,9232.764,2000,5451.098,9380.829,2000,5199.052,9139.046,2000,5228.891,9149.377,2000,5401.354,9398.556,2000,5377.513
9419.295,2000,5288.24,9288.623,2000,5155.372,9213.569,2000,5166.391,9323.011,2000,5443.712,9115.479,2000,5305.321,9232.666,2000,5451.521,9380.979,2000,5198.644,9138.684,2000,5228.65,9148.954,2000,5401.454,9398.913,2000,5377.761
9419.777,2000,5288.196,9288.909,2000,5154.98,9213.372,2000,5165.948,9323.243,2000,5444.138,9115.055,2000,5305.556,9232.558,2000,5451.994,9381.13,2000,5198.183,9138.279,2000,5228.382,9148.479,2000,5401.549,9399.303,2000,5378.05
9420.246,2000,5288.154,9289.199,2000,5154.609,9213.181,2000,5165.519,9323.481,2000,5444.544,9114.65,2000,5305.797,9232.452,2000,5452.453,9381.262,2000,5197.731,9137.887,2000,5228.123,9148.015,2000,5401.626,9399.671,2000,5378.342
9420.7,2000,5288.112,9289.491,2000,5154.26,9212.996,2000,5165.102,9323.726,2000,5444.929,9114.267,2000,5306.043,9232.35,2000,5452.896,9381.375,2000,5197.29,9137.507,2000,5227.872,9147.563,2000,5401.686,9400.019,2000,5378.637
9421.14,2000,5288.072,9289.785,2000,5153.931,9212.817,2000,5164.699,9323.974,2000,5445.293,9113.903,2000,5306.293,9232.25,2000,5453.326,9381.471,2000,5196.859,9137.139,2000,5227.629,9147.125,2000,5401.73,9400.346,2000,5378.934
9421.898,2000,5288.001,9290.311,2000,5153.379,9212.51,2000,5164.002,9324.422,2000,5445.909,9113.29,2000,5306.746,9232.077,2000,5454.068,9381.611,2000,5196.111,9136.502,2000,5227.21,9146.365,2000,5401.781,9400.893,2000,5379.463
9422.105,2000,5287.976,9290.459,2000,5153.233,9212.426,2000,5163.812,9324.55,2000,5446.073,9113.127,2000,5306.875,9232.023,2000,5454.269,9381.644,2000,5195.905,9136.328,2000,5227.096,9146.158,2000,5401.801,9401.037,2000,5379.613
9422.64,2000,5287.891,9290.856,2000,5152.867,9212.208,2000,5163.316,9324.896,2000,5446.488,9112.714,2000,5307.223,9231.866,2000,5454.787,9381.709,2000,5195.368,9135.876,2000,5226.799,9145.622,2000,5401.873,9401.4,2000,5380.014
9423.015,2000,5287.818,9291.146,2000,5152.618,9212.055,2000,5162.966,9325.15,2000,5446.774,9112.43,2000,5307.479,9231.743,2000,5455.149,9381.742,2000,5194.987,9135.556,2000,5226.59,9145.245,2000,5401.936,9401.647,2000,5380.305
9423.563,2000,5287.694,9291.585,2000,5152.265,9211.829,2000,5162.451,9325.538,2000,5447.182,9112,2000,5307.842,9231.545,2000,5455.675,9381.773,2000,5194.426,9135.084,2000,5226.283,9144.693,2000,5402.046,9401.997,2000,5380.746
9423.838,2000,5287.622,9291.8,2000,5152.08,9211.716,2000,5162.191,9325.74,2000,5447.38,9111.777,2000,5308.018,9231.437,2000,5455.937,9381.798,2000,5194.144,9134.847,2000,5226.129,9144.418,2000,5402.111,9402.166,2000,5380.973
9424.037,2000,5287.563,9291.953,2000,5151.938,9211.633,2000,5162,9325.894,2000,5447.521,9111.609,2000,5308.142,9231.351,2000,5456.127,9381.823,2000,5193.937,9134.672,2000,5226.016,9144.217,2000,5402.165,9402.284,2000,5381.145
9424.595,2000,5287.376,9292.373,2000,5151.526,9211.381,2000,5161.468,9326.339,2000,5447.906,9111.125,2000,5308.475,9231.091,2000,5456.654,9381.913,2000,5193.355,9134.189,2000,5225.679,9143.654,2000,5402.336,9402.603,2000,5381.639
9424.79,2000,5287.304,9292.517,2000,5151.375,9211.285,2000,5161.283,9326.501,2000,5448.037,9110.949,2000,5308.587,9230.992,2000,5456.838,9381.951,2000,5193.151,9134.022,2000,5225.555,9143.457,2000,5402.404,9402.71,2000,5381.817
9425.236,2000,5287.122,9292.838,2000,5151.016,9211.051,2000,5160.862,9326.886,2000,5448.327,9110.535,2000,5308.834,9230.751,2000,5457.255,9382.056,2000,5192.68,9133.646,2000,5225.254,9143.007,2000,5402.574,9402.944,2000,5382.239
9425.52,2000,5286.996,9293.037,2000,5150.778,9210.891,2000,5160.596,9327.14,2000,5448.506,9110.264,2000,5308.985,9230.587,2000,5457.519,9382.133,2000,5192.379,9133.409,2000,5225.052,9142.72,2000,5402.693,9403.086,2000,5382.515
9425.725,2000,5286.896,9293.178,2000,5150.598,9210.767,2000,5160.404,9327.331,2000,5448.631,9110.061,2000,5309.089,9230.46,2000,5457.709,9382.197,2000,5192.16,9133.24,2000,5224.898,9142.512,2000,5402.788,9403.184,2000,5382.722
9426.195,2000,5286.647,9293.491,2000,5150.168,9210.464,2000,5159.967,9327.785,2000,5448.909,9109.579,2000,5309.315,9230.15,2000,5458.141,9382.363,2000,5191.655,9132.859,2000,5224.527,9142.035,2000,5403.024,9403.395,2000,5383.209
9426.466,2000,5286.493,9293.667,2000,5149.911,9210.278,2000,5159.717,9328.056,2000,5449.062,9109.293,2000,5309.438,9229.961,2000,5458.388,9382.47,2000,5191.362,9132.644,2000,5224.303,9141.761,2000,5403.171,9403.509,2000,5383.499
9427.056,2000,5286.131,9294.038,2000,5149.327,9209.848,2000,5159.175,9328.646,2000,5449.423,9108.648,2000,5309.691,9229.521,2000,5458.923,9382.729,2000,5190.72,9132.181,2000,5223.789,9141.162,2000,5403.518,9403.784,2000,5384.134
9427.57,2000,5285.837,9294.339,2000,5148.816,9209.464,2000,5158.724,9329.142,2000,5449.748,9108.09,2000,5309.889,9229.131,2000,5459.369,9382.968,2000,5190.178,9131.799,2000,5223.336,9140.66,2000,5403.831,9404.037,2000,5384.67
9427.98,2000,5285.621,9294.562,2000,5148.409,9209.152,2000,5158.381,9329.521,2000,5450.015,9107.647,2000,5310.03,9228.813,2000,5459.707,9383.169,2000,5189.76,9131.512,2000,5222.972,9140.275,2000,5404.089,9404.249,2000,5385.083
9428.704,2000,5285.269,9294.924,2000,5147.69,9208.592,2000,5157.803,9330.163,2000,5450.5,9106.873,2000,5310.25,9228.244,2000,5460.276,9383.541,2000,5189.047,9131.034,2000,5222.324,9139.622,2000,5404.559,9404.64,2000,5385.786
9429.261,2000,5285.021,9295.181,2000,5147.137,9208.153,2000,5157.379,9330.638,2000,5450.883,9106.281,2000,5310.396,9227.799,2000,5460.693,9383.841,2000,5188.516,9130.688,2000,5221.821,9139.139,2000,5404.931,9404.953,2000,5386.309
9430.593,2000,5284.478,9295.743,2000,5145.813,9207.087,2000,5156.414,9331.727,2000,5451.823,9104.897,2000,5310.788,9226.718,2000,5461.642,9384.588,2000,5187.287,9129.913,2000,5220.61,9138.029,2000,5405.844,9405.732,2000,5387.518
9431.103,2000,5284.289,9295.939,2000,5145.307,9206.672,2000,5156.063,9332.126,2000,5452.191,9104.38,2000,5310.953,9226.298,2000,5461.986,9384.885,2000,5186.832,9129.635,2000,5220.144,9137.621,2000,5406.203,9406.042,2000,5387.964
9431.3,2000,5284.223,9296.008,2000,5145.11,9206.509,2000,5155.934,9332.274,2000,5452.337,9104.184,2000,5311.023,9226.133,2000,5462.113,9385.004,2000,5186.661,9129.534,2000,5219.961,9137.47,2000,5406.346,9406.166,2000,5388.132
9432.581,2000,5283.842,9296.407,2000,5143.834,9205.435,2000,5155.138,9333.195,2000,5453.305,9102.939,2000,5311.511,9225.047,2000,5462.892,9385.807,2000,5185.593,9128.927,2000,5218.77,9136.526,2000,5407.292,9406.997,2000,5389.179
9433.516,2000,5283.598,9296.666,2000,5142.904,9204.678,2000,5154.539,9333.838,2000,5454.026,9102.053,2000,5311.893,9224.244,2000,5463.429,9386.411,2000,5184.84,9128.46,2000,5217.924,9135.868,2000,5407.997,9407.622,2000,5389.915
9434.514,2000,5283.371,9296.907,2000,5141.909,9203.896,2000,5153.876,9334.494,2000,5454.813,9101.126,2000,5312.329,9223.375,2000,5463.97,9387.078,2000,5184.063,9127.937,2000,5217.044,9135.194,2000,5408.768,9408.31,2000,5390.674
9435.545,2000,5283.171,9297.121,2000,5140.881,9203.118,2000,5153.172,9335.14,2000,5455.64,9100.191,2000,5312.806,9222.466,2000,5464.495,9387.788,2000,5183.29,9127.37,2000,5216.16,9134.53,2000,5409.58,9409.04,2000,5391.428
9436.411,2000,5283.033,9297.328,2000,5140.028,9202.487,2000,5152.563,9335.656,2000,5456.349,9099.424,2000,5313.23,9221.692,2000,5464.909,9388.402,2000,5182.663,9126.873,2000,5215.438,9133.998,2000,5410.276,9409.67,2000,5392.038
9437.882,2000,5282.848,9297.725,2000,5138.6,9201.456,2000,5151.498,9336.489,2000,5457.575,9098.15,2000,5313.99,9220.363,2000,5465.564,9389.474,2000,5181.639,9125.994,2000,5214.244,9133.138,2000,5411.481,9410.768,2000,5393.034
9439.174,2000,5282.728,9298.112,2000,5137.361,9200.584,2000,5150.537,9337.184,2000,5458.671,9097.058,2000,5314.69,9219.182,2000,5466.101,9390.44,2000,5180.773,9125.19,2000,5213.225,9132.419,2000,5412.56,9411.757,2000,5393.874
9440.14,2000,5282.67,9298.432,2000,5136.448,9199.957,2000,5149.8,9337.674,2000,5459.505,9096.261,2000,5315.239,9218.288,2000,5466.471,9391.182,2000,5180.152,9124.566,2000,5212.485,9131.91,2000,5413.382,9412.515,2000,5394.475
9441.136,2000,5282.644,9298.791,2000,5135.519,9199.337,2000,5149.02,9338.15,2000,5460.38,9095.459,2000,5315.831,9217.355,2000,5466.822,9391.966,2000,5179.537,9123.899,2000,5211.745,9131.414,2000,5414.245,9413.315,2000,5395.069
9442.411,2000,5282.651,9299.29,2000,5134.345,9198.576,2000,5147.996,9338.724,2000,5461.52,9094.458,2000,5316.622,9216.148,2000,5467.232,9392.994,2000,5178.784,9123.016,2000,5210.826,9130.815,2000,5415.369,9414.364,2000,5395.794
9443.72,2000,5282.701,9299.841,2000,5133.158,9197.83,2000,5146.92,9339.273,2000,5462.708,9093.458,2000,5317.466,9214.923,2000,5467.694,9394.075,2000,5178.045,9122.078,2000,5209.913,9130.163,2000,5416.502,9415.416,2000,5396.574
9445.51,2000,5282.829,9300.649,2000,5131.556,9196.856,2000,5145.413,9339.974,2000,5464.36,9092.126,2000,5318.668,9213.266,2000,5468.381,9395.589,2000,5177.083,9120.752,2000,5208.703,9129.219,2000,5418.025,9416.821,2000,5397.69
9446.422,2000,5282.924,9301.089,2000,5130.751,9196.385,2000,5144.626,9340.304,2000,5465.216,9091.466,2000,5319.305,9212.431,2000,5468.76,9396.378,2000,5176.616,9120.055,2000,5208.107,9128.711,2000,5418.787,9417.521,2000,5398.283
9447.817,2000,5283.116,9301.804,2000,5129.538,9195.7,2000,5143.396,9340.767,2000,5466.546,9090.484,2000,5320.314,9211.168,2000,5469.383,9397.613,2000,5175.939,9118.954,2000,5207.229,9127.894,2000,5419.931,9418.563,2000,5399.229
9449.23,2000,5283.357,9302.572,2000,5128.327,9195.044,2000,5142.121,9341.193,2000,5467.915,9089.52,2000,5321.375,9209.903,2000,5470.059,9398.893,2000,5175.292,9117.805,2000,5206.371,9127.024,2000,5421.068,9419.594,2000,5400.226
9450.663,2000,5283.651,9303.396,2000,5127.119,9194.333,2000,5140.844,9341.583,2000,5469.324,9088.571,2000,5322.487,9208.638,2000,5470.791,9400.218,2000,5174.674,9116.605,2000,5205.535,9126.101,2000,5422.197,9420.61,2000,5401.277
9452.697,2000,5284.137,9304.629,2000,5125.429,9193.256,2000,5139.05,9342.074,2000,5471.357,9087.268,2000,5324.123,9206.861,2000,5471.896,9402.143,2000,5173.854,9114.851,2000,5204.396,9124.727,2000,5423.768,9422.015,2000,5402.827
9453.676,2000,5284.405,9305.254,2000,5124.63,9192.706,2000,5138.198,9342.28,2000,5472.35,9086.661,2000,5324.937,9206.019,2000,5472.459,9403.088,2000,5173.487,9113.982,2000,5203.872,9124.036,2000,5424.507,9422.671,2000,5403.6
9455.056,2000,5284.833,9306.181,2000,5123.521,9191.883,2000,5137.011,9342.527,2000,5473.773,9085.836,2000,5326.123,9204.845,2000,5473.301,9404.451,2000,5173.009,9112.722,2000,5203.166,9123.02,2000,5425.527,9423.568,2000,5404.731
9456.539,2000,5285.345,9307.226,2000,5122.351,9190.947,2000,5135.751,9342.744,2000,5475.328,9084.982,2000,5327.439,9203.6,2000,5474.257,9405.948,2000,5172.538,9111.328,2000,5202.445,9121.88,2000,5426.598,9424.503,2000,5405.992
9458.028,2000,5285.915,9308.326,2000,5121.197,9189.955,2000,5134.503,9342.913,2000,5476.913,9084.159,2000,5328.805,9202.367,2000,5475.269,9407.484,2000,5172.11,9109.889,2000,5201.759,9120.688,2000,5427.647,9425.41,2000,5407.303
9459.974,2000,5286.733,9309.832,2000,5119.719,9188.589,2000,5132.895,9343.067,2000,5479.018,9083.13,2000,5330.647,9200.781,2000,5476.661,9409.534,2000,5171.61,9107.955,2000,5200.914,9119.065,2000,5428.982,9426.554,2000,5409.077
9462.026,2000,5287.677,9311.495,2000,5118.189,9187.07,2000,5131.222,9343.159,2000,5481.275,9082.093,2000,5332.655,9199.133,2000,5478.206,9411.745,2000,5171.146,9105.856,2000,5200.077,9117.284,2000,5430.354,9427.715,2000,5411.015
9463.959,2000,5288.644,9313.132,2000,5116.78,9185.566,2000,5129.671,9343.177,2000,5483.435,9081.165,2000,5334.605,9197.605,2000,5479.733,9413.873,2000,5170.773,9103.824,2000,5199.343,9115.541,2000,5431.607,9428.764,2000,5412.904
9465.819,2000,5289.651,9314.779,2000,5115.452,9184.045,2000,5128.2,9343.124,2000,5485.55,9080.319,2000,5336.545,9196.159,2000,5481.278,9415.968,2000,5170.476,9101.812,2000,5198.689,9113.796,2000,5432.776,9429.73,2000,5414.786
9466.117,2000,5289.826,9315.055,2000,5115.245,9183.789,2000,5127.969,9343.104,2000,5485.895,9080.191,2000,5336.865,9195.932,2000,5481.538,9416.311,2000,5170.438,9101.48,2000,5198.593,9113.506,2000,5432.958,9429.878,2000,5415.098
9466.419,2000,5290.016,9315.347,2000,5115.04,9183.517,2000,5127.738,9343.072,2000,5486.25,9080.07,2000,5337.201,9195.706,2000,5481.813,9416.666,2000,5170.412,9101.135,2000,5198.505,9113.2,2000,5433.135,9430.02,2000,5415.425
9468.435,2000,5291.379,9317.382,2000,5113.706,9181.609,2000,5126.227,9342.773,2000,5488.664,9079.321,2000,5339.515,9194.226,2000,5483.744,9419.097,2000,5170.307,9098.758,2000,5197.984,9111.076,2000,5434.274,9430.913,2000,5417.688
9470.437,2000,5292.831,9319.493,2000,5112.419,9179.622,2000,5124.755,9342.39,2000,5491.106,9078.483,2000,5341.841,9192.786,2000,5485.753,9421.569,2000,5170.282,9096.326,2000,5197.534,9108.96,2000,5435.5,9431.746,2000,5420.016
9471.379,2000,5293.562,9320.531,2000,5111.833,9178.641,2000,5124.077,9342.166,2000,5492.278,9078.043,2000,5342.949,9192.124,2000,5486.745,9422.762,2000,5170.309,9095.146,2000,5197.355,9107.962,2000,5436.123,9432.111,2000,5421.151
9473.227,2000,5295.096,9322.659,2000,5110.72,9176.621,2000,5122.777,9341.64,2000,5494.621,9077.083,2000,5345.149,9190.856,2000,5488.785,9425.159,2000,5170.441,9092.762,2000,5197.074,9105.996,2000,5437.44,9432.771,2000,5423.46
9473.681,2000,5295.499,9323.206,2000,5110.456,9176.101,2000,5122.466,9341.487,2000,5495.208,9076.822,2000,5345.697,9190.553,2000,5489.311,9425.764,2000,5170.495,9092.157,2000,5197.022,9105.512,2000,5437.789,9432.918,2000,5424.049
9475.91,2000,5297.61,9326.015,2000,5109.214,9173.416,2000,5120.976,9340.619,2000,5498.153,9075.413,2000,5348.425,9189.106,2000,5492.019,9428.812,2000,5170.864,9089.091,2000,5196.862,9103.124,2000,5439.627,9433.566,2000,5427.051
9477.125,2000,5298.839,9327.616,2000,5108.568,9171.879,2000,5120.188,9340.077,2000,5499.793,9074.57,2000,5349.933,9188.343,2000,5493.568,9430.519,2000,5171.128,9087.363,2000,5196.829,9101.821,2000,5440.699,9433.876,2000,5428.75
9477.975,2000,5299.756,9328.79,2000,5108.138,9170.749,2000,5119.654,9339.646,2000,5500.967,9073.926,2000,5351.003,9187.827,2000,5494.707,9431.747,2000,5171.36,9086.113,2000,5196.845,9100.908,2000,5441.502,9434.06,2000,5429.987
9479.209,2000,5301.18,9330.58,2000,5107.548,9169.02,2000,5118.906,9338.939,2000,5502.713,9072.901,2000,5352.584,9187.106,2000,5496.448,9433.587,2000,5171.769,9084.23,2000,5196.932,9099.575,2000,5442.755,9434.274,2000,5431.859
9480.404,2000,5302.653,9332.4,2000,5107.014,9167.254,2000,5118.209,9338.17,2000,5504.448,9071.818,2000,5354.141,9186.438,2000,5498.224,9435.425,2000,5172.241,9082.339,2000,5197.081,9098.281,2000,5444.053,9434.43,2000,5433.75
9481.56,2000,5304.177,9334.252,2000,5106.536,9165.453,2000,5117.566,9337.338,2000,5506.169,9070.677,2000,5355.674,9185.824,2000,5500.034,9437.26,2000,5172.777,9080.438,2000,5197.293,9097.027,2000,5445.396,9434.523,2000,5435.66
9482.672,2000,5305.748,9336.131,2000,5106.116,9163.62,2000,5116.979,9336.444,2000,5507.874,9069.478,2000,5357.178,9185.266,2000,5501.876,9439.089,2000,5173.377,9078.533,2000,5197.57,9095.817,2000,5446.78,9434.555,2000,5437.584
9483.852,2000,5307.535,9338.235,2000,5105.717,9161.561,2000,5116.393,9335.389,2000,5509.737,9068.089,2000,5358.807,9184.712,2000,5503.944,9441.101,2000,5174.111,9076.425,2000,5197.947,9094.53,2000,5448.353,9434.52,2000,5439.726
9485.04,2000,5309.471,9340.479,2000,5105.368,9159.356,2000,5115.842,9334.204,2000,5511.675,9066.561,2000,5360.486,9184.196,2000,5506.156,9443.208,2000,5174.959,9074.203,2000,5198.419,9093.231,2000,5450.05,9434.408,2000,5441.995
9485.755,2000,5310.725,9341.912,2000,5105.192,9157.945,2000,5115.539,9333.411,2000,5512.882,9065.555,2000,5361.52,9183.915,2000,5507.572,9444.529,2000,5175.542,9072.802,2000,5198.766,9092.45,2000,5451.144,9434.29,2000,5443.434
9486.866,2000,5312.832,9344.284,2000,5104.98,9155.602,2000,5115.114,9332.039,2000,5514.829,9063.841,2000,5363.171,9183.527,2000,5509.922,9446.676,2000,5176.573,9070.51,2000,5199.413,9091.229,2000,5452.977,9434.018,2000,5445.8
9487.91,2000,5314.979,9346.668,2000,5104.846,9153.239,2000,5114.765,9330.601,2000,5516.734,9062.069,2000,5364.77,9183.217,2000,5512.289,9448.793,2000,5177.677,9068.234,2000,5200.136,9090.082,2000,5454.828,9433.667,2000,5448.162
9488.506,2000,5316.313,9348.129,2000,5104.811,9151.788,2000,5114.599,9329.683,2000,5517.871,9060.954,2000,5365.711,9183.074,2000,5513.742,9450.065,2000,5178.395,9066.857,2000,5200.624,9089.427,2000,5455.967,9433.405,2000,5449.599
9489.175,2000,5317.954,9349.9,2000,5104.827,9150.022,2000,5114.456,9328.525,2000,5519.212,9059.565,2000,5366.809,9182.959,2000,5515.51,9451.579,2000,5179.314,9065.208,2000,5201.27,9088.686,2000,5457.359,9433.031,2000,5451.331
9490.341,2000,5321.107,9353.259,2000,5104.967,9146.665,2000,5114.293,9326.247,2000,5521.684,9056.864,2000,5368.802,9182.85,2000,5518.869,9454.394,2000,5181.153,9062.12,2000,5202.598,9087.382,2000,5460.013,9432.214,2000,5454.592
9490.777,2000,5322.416,9354.635,2000,5105.07,9145.285,2000,5114.271,9325.279,2000,5522.667,9055.729,2000,5369.584,9182.85,2000,5520.249,9455.523,2000,5181.946,9060.871,2000,5203.184,9086.896,2000,5461.091,9431.835,2000,5455.918
9490.93,2000,5322.929,9355.167,2000,5105.127,9144.75,2000,5114.281,9324.892,2000,5523.036,9055.28,2000,5369.873,9182.867,2000,5520.784,9455.951,2000,5182.267,9060.395,2000,5203.427,9086.723,2000,5461.51,9431.671,2000,5456.428
9491.862,2000,5326.49,9358.812,2000,5105.64,9141.073,2000,5114.464,9322.144,2000,5525.485,9052.124,2000,5371.754,9183.108,2000,5524.456,9458.82,2000,5184.573,9057.172,2000,5205.205,9085.633,2000,5464.419,9430.431,2000,5459.894
9492.259,2000,5328.233,9360.572,2000,5105.947,9139.292,2000,5114.611,9320.771,2000,5526.63,9050.563,2000,5372.617,9183.284,2000,5526.234,9460.176,2000,5185.738,9055.636,2000,5206.119,9085.165,2000,5465.805,9429.773,2000,5461.556
9492.588,2000,5329.938,9362.272,2000,5106.301,9137.566,2000,5114.811,9319.401,2000,5527.698,9049.021,2000,5373.405,9183.512,2000,5527.956,9461.455,2000,5186.912,9054.173,2000,5207.055,9084.761,2000,5467.145,9429.082,2000,5463.149
9492.969,2000,5332.33,9364.625,2000,5106.873,9135.172,2000,5115.168,9317.444,2000,5529.124,9046.907,2000,5374.574,9183.906,2000,5530.345,9463.185,2000,5188.606,9052.178,2000,5208.427,9084.267,2000,5469.002,9428.047,2000,5465.338
9493.161,2000,5333.855,9366.106,2000,5107.284,9133.659,2000,5115.444,9316.173,2000,5529.988,9045.591,2000,5375.359,9184.207,2000,5531.853,9464.247,2000,5189.718,9050.94,2000,5209.339,9083.997,2000,5470.167,9427.345,2000,5466.706
9493.395,2000,5336.37,9368.517,2000,5108.039,9131.191,2000,5115.979,9314.039,2000,5531.339,9043.472,2000,5376.718,9184.781,2000,5534.312,9465.932,2000,5191.599,9048.958,2000,5210.902,9083.622,2000,5472.068,9426.118,2000,5468.913
9493.546,2000,5338.891,9370.9,2000,5108.872,9128.742,2000,5116.594,9311.861,2000,5532.619,9041.399,2000,5378.146,9185.436,2000,5536.751,9467.554,2000,5193.535,9047.027,2000,5212.53,9083.315,2000,5473.944,9424.819,2000,5471.08
9493.596,2000,5340.72,9372.607,2000,5109.532,9126.982,2000,5117.098,9310.254,2000,5533.495,9039.933,2000,5379.229,9185.967,2000,5538.502,9468.683,2000,5194.976,9045.667,2000,5213.755,9083.141,2000,5475.284,9423.827,2000,5472.618
9493.586,2000,5342.5,9374.245,2000,5110.228,9125.289,2000,5117.644,9308.664,2000,5534.294,9038.543,2000,5380.326,9186.539,2000,5540.187,9469.733,2000,5196.411,9044.385,2000,5214.989,9083.016,2000,5476.574,9422.814,2000,5474.081
9493.479,2000,5345.264,9376.754,2000,5111.393,9122.686,2000,5118.577,9306.153,2000,5535.456,9036.44,2000,5382.102,9187.514,2000,5542.775,9471.294,2000,5198.695,9042.455,2000,5216.971,9082.889,2000,5478.564,9421.167,2000,5476.302
9493.338,2000,5347.25,9378.532,2000,5112.29,9120.834,2000,5119.311,9304.319,2000,5536.232,9034.971,2000,5383.428,9188.276,2000,5544.615,9472.363,2000,5200.376,9041.113,2000,5218.442,9082.845,2000,5479.977,9419.929,2000,5477.862
9493.188,2000,5348.683,9379.796,2000,5112.98,9119.513,2000,5119.884,9302.976,2000,5536.75,9033.94,2000,5384.421,9188.871,2000,5545.926,9473.096,2000,5201.616,9040.179,2000,5219.538,9082.847,2000,5480.989,9418.997,2000,5478.96
9492.759,2000,5351.809,9382.515,2000,5114.583,9116.66,2000,5121.236,9299.995,2000,5537.789,9031.756,2000,5386.667,9190.268,2000,5548.756,9474.611,2000,5204.384,9038.209,2000,5222.003,9082.922,2000,5483.194,9416.877,2000,5481.299
9492.275,2000,5354.637,9384.938,2000,5116.12,9114.109,2000,5122.548,9297.256,2000,5538.643,9029.841,2000,5388.771,9191.621,2000,5551.286,9475.906,2000,5206.944,9036.493,2000,5224.303,9083.055,2000,5485.177,9414.882,2000,5483.36
9492.167,2000,5355.167,9385.384,2000,5116.424,9113.637,2000,5122.811,9296.735,2000,5538.787,9029.494,2000,5389.178,9191.892,2000,5551.754,9476.135,2000,5207.434,9036.185,2000,5224.746,9083.092,2000,5485.547,9414.493,2000,5483.736
9491.483,2000,5358.027,9387.759,2000,5118.159,9111.115,2000,5124.325,9293.876,2000,5539.478,9027.68,2000,5391.453,9193.445,2000,5554.251,9477.288,2000,5210.139,9034.583,2000,5227.213,9083.359,2000,5487.555,9412.313,2000,5485.711
9490.908,2000,5360.125,9389.473,2000,5119.499,9109.288,2000,5125.505,9291.746,2000,5539.919,9026.396,2000,5393.175,9194.654,2000,5556.06,9478.075,2000,5212.167,9033.459,2000,5229.076,9083.605,2000,5489.033,9410.654,2000,5487.119
9490.088,2000,5362.775,9391.602,2000,5121.278,9107.008,2000,5127.085,9289.049,2000,5540.57,9024.836,2000,5395.42,9196.12,2000,5558.416,9478.994,2000,5214.786,9032.104,2000,5231.497,9083.981,2000,5490.91,9408.48,2000,5488.843
9489.604,2000,5364.177,9392.708,2000,5122.266,9105.817,2000,5127.97,9287.619,2000,5540.965,9024.044,2000,5396.643,9196.862,2000,5559.7,9479.439,2000,5216.2,9031.422,2000,5232.813,9084.217,2000,5491.912,9407.289,2000,5489.727
9489.397,2000,5364.714,9393.124,2000,5122.663,9105.367,2000,5128.328,9287.069,2000,5541.137,9023.753,2000,5397.126,9197.134,2000,5560.207,9479.594,2000,5216.754,9031.174,2000,5233.333,9084.321,2000,5492.3,9406.815,2000,5490.054
9488.043,2000,5367.933,9395.571,2000,5125.154,9102.706,2000,5130.589,9283.771,2000,5542.286,9022.084,2000,5400.114,9198.679,2000,5563.339,9480.422,2000,5220.147,9029.774,2000,5236.533,9085.033,2000,5494.634,9403.88,2000,5491.946
9486.931,2000,5370.351,9397.373,2000,5127.113,9100.735,2000,5132.377,9281.288,2000,5543.243,9020.894,2000,5402.419,9199.777,2000,5565.763,9480.968,2000,5222.752,9028.789,2000,5239.005,9085.644,2000,5496.422,9401.597,2000,5493.314
9486.001,2000,5372.21,9398.729,2000,5128.688,9099.243,2000,5133.824,9279.374,2000,5544.053,9020.027,2000,5404.239,9200.573,2000,5567.683,9481.327,2000,5224.799,9028.083,2000,5240.959,9086.173,2000,5497.823,9399.78,2000,5494.324
9485.724,2000,5372.722,9399.095,2000,5129.142,9098.839,2000,5134.243,9278.846,2000,5544.298,9019.803,2000,5404.754,9200.778,2000,5568.228,9481.409,2000,5225.375,9027.903,2000,5241.513,9086.336,2000,5498.216,9399.263,2000,5494.59
9483.945,2000,5375.762,9401.213,2000,5131.955,9096.476,2000,5136.854,9275.7,2000,5545.88,9018.548,2000,5407.909,9201.911,2000,5571.562,9481.79,2000,5228.876,9026.926,2000,5244.896,9087.404,2000,5500.565,9396.079,2000,5496.095
9482.996,2000,5377.27,9402.237,2000,5133.412,9095.324,2000,5138.213,9274.136,2000,5546.732,9017.971,2000,5409.509,9202.429,2000,5573.267,9481.925,2000,5230.653,9026.487,2000,5246.624,9087.999,2000,5501.766,9394.444,2000,5496.804
9481.749,2000,5379.114,9403.457,2000,5135.274,9093.941,2000,5139.957,9272.217,2000,5547.86,9017.32,2000,5411.519,9203.005,2000,5575.416,9482.021,2000,5232.876,9026.011,2000,5248.797,9088.802,2000,5503.261,9392.374,2000,5497.622
9480.439,2000,5380.92,9404.618,2000,5137.179,9092.613,2000,5141.75,9270.332,2000,5549.053,9016.739,2000,5413.536,9203.512,2000,5577.588,9482.043,2000,5235.107,9025.604,2000,5250.991,9089.67,2000,5504.76,9390.273,2000,5498.373
9479.07,2000,5382.683,9405.717,2000,5139.122,9091.344,2000,5143.586,9268.485,2000,5550.308,9016.229,2000,5415.553,9203.948,2000,5579.778,9481.993,2000,5237.339,9025.271,2000,5253.198,9090.605,2000,5506.259,9388.148,2000,5499.056
9477.64,2000,5384.407,9406.755,2000,5141.107,9090.131,2000,5145.47,9266.675,2000,5551.627,9015.789,2000,5417.569,9204.313,2000,5581.988,9481.869,2000,5239.576,9025.008,2000,5255.423,9091.611,2000,5507.76,9385.994,2000,5499.671
9476.152,2000,5386.083,9407.728,2000,5143.126,9088.98,2000,5147.393,9264.908,2000,5553.006,9015.42,2000,5419.572,9204.606,2000,5584.21,9481.672,2000,5241.808,9024.817,2000,5257.656,9092.687,2000,5509.255,9383.834,2000,5500.268
9474.608,2000,5387.713,9408.636,2000,5145.179,9087.892,2000,5149.356,9263.184,2000,5554.444,9015.12,2000,5421.56,9204.827,2000,5586.444,9481.401,2000,5244.037,9024.7,2000,5259.898,9093.833,2000,5510.745,9381.675,2000,5500.885
9473.009,2000,5389.295,9409.478,2000,5147.266,9086.865,2000,5151.359,9261.504,2000,5555.941,9014.89,2000,5423.526,9204.975,2000,5588.689,9481.058,2000,5246.261,9024.656,2000,5262.147,9095.052,2000,5512.226,9379.519,2000,5501.528
9470.685,2000,5391.448,9410.566,2000,5150.24,9085.513,2000,5154.223,9259.209,2000,5558.125,9014.66,2000,5426.25,9205.079,2000,5591.855,9480.472,2000,5249.374,9024.698,2000,5265.315,9096.866,2000,5514.289,9376.49,2000,5502.457
9469.081,2000,5392.838,9411.23,2000,5152.256,9084.67,2000,5156.171,9257.72,2000,5559.637,9014.569,2000,5428.021,9205.08,2000,5593.978,9480.011,2000,5251.445,9024.796,2000,5267.435,9098.155,2000,5515.661,9374.463,2000,5503.084
9468.627,2000,5393.207,9411.396,2000,5152.817,9084.455,2000,5156.715,9257.323,2000,5560.067,9014.561,2000,5428.499,9205.062,2000,5594.563,9479.865,2000,5252.012,9024.842,2000,5268.019,9098.528,2000,5516.032,9373.906,2000,5503.263
9466.112,2000,5395.114,9412.185,2000,5155.873,9083.394,2000,5159.688,9255.261,2000,5562.457,9014.597,2000,5431.055,9204.855,2000,5597.712,9478.979,2000,5255.042,9025.192,2000,5271.155,9100.61,2000,5517.977,9370.91,2000,5504.255
9464.253,2000,5396.431,9412.682,2000,5158.096,9082.698,2000,5161.857,9253.83,2000,5564.229,9014.68,2000,5432.823,9204.633,2000,5599.979,9478.27,2000,5257.206,9025.52,2000,5273.41,9102.187,2000,5519.354,9368.758,2000,5505.001
9461.146,2000,5398.482,9413.375,2000,5161.755,9081.679,2000,5165.438,9251.587,2000,5567.201,9014.902,2000,5435.613,9204.147,2000,5603.671,9476.993,2000,5260.704,9026.175,2000,5277.075,9104.866,2000,5521.547,9365.241,2000,5506.227
9460.666,2000,5398.785,9413.462,2000,5162.315,9081.541,2000,5165.989,9251.26,2000,5567.665,9014.947,2000,5436.012,9204.056,2000,5604.231,9476.781,2000,5261.23,9026.293,2000,5277.63,9105.292,2000,5521.873,9364.707,2000,5506.419
9458.353,2000,5400.266,9413.796,2000,5165.042,9080.963,2000,5168.674,9249.752,2000,5569.961,9015.226,2000,5437.917,9203.521,2000,5606.925,9475.673,2000,5263.744,9026.952,2000,5280.297,9107.409,2000,5523.385,9362.135,2000,5507.383
9455.354,2000,5402.207,9414.114,2000,5168.599,9080.326,2000,5172.188,9247.89,2000,5573.009,9015.647,2000,5440.265,9202.71,2000,5610.404,9474.126,2000,5266.963,9027.922,2000,5283.735,9110.252,2000,5525.278,9358.805,2000,5508.674
9452.741,2000,5403.9,9414.29,2000,5171.708,9079.871,2000,5175.269,9246.354,2000,5575.718,9016.054,2000,5442.167,9201.904,2000,5613.412,9472.687,2000,5269.725,9028.865,2000,5286.703,9112.802,2000,5526.874,9355.903,2000,5509.804
9452.358,2000,5404.15,9414.301,2000,5172.165,9079.819,2000,5175.723,9246.143,2000,5576.123,9016.118,2000,5442.427,9201.771,2000,5613.85,9472.462,2000,5270.123,9029.018,2000,5287.133,9113.176,2000,5527.115,9355.479,2000,5509.972
9451.269,2000,5404.867,9414.289,2000,5173.469,9079.714,2000,5177.023,9245.575,2000,5577.297,9016.325,2000,5443.157,9201.353,2000,5615.084,9471.784,2000,5271.237,9029.493,2000,5288.348,9114.225,2000,5527.831,9354.271,2000,5510.463
9448.989,2000,5406.382,9414.175,2000,5176.204,9079.581,2000,5179.757,9244.466,2000,5579.799,9016.797,2000,5444.637,9200.389,2000,5617.646,9470.287,2000,5273.528,9030.574,2000,5290.862,9116.385,2000,5529.404,9351.746,2000,5511.521
9446.459,2000,5408.073,9413.948,2000,5179.239,9079.533,2000,5182.8,9243.323,2000,5582.621,9017.344,2000,5446.177,9199.225,2000,5620.459,9468.539,2000,5276.02,9031.867,2000,5293.618,9118.77,2000,5531.199,9348.945,2000,5512.712
9445.18,2000,5408.939,9413.783,2000,5180.775,9079.56,2000,5184.345,9242.79,2000,5584.071,9017.629,2000,5446.903,9198.587,2000,5621.867,9467.611,2000,5277.255,9032.569,2000,5294.995,9119.955,2000,5532.153,9347.531,2000,5513.336
9442.065,2000,5411.051,9413.258,2000,5184.502,9079.747,2000,5188.104,9241.608,2000,5587.645,9018.358,2000,5448.595,9196.923,2000,5625.242,9465.254,2000,5280.188,9034.314,2000,5298.329,9122.817,2000,5534.515,9344.092,2000,5514.863
9441.593,2000,5411.375,9413.159,2000,5185.066,9079.794,2000,5188.675,9241.446,2000,5588.194,9018.469,2000,5448.831,9196.653,2000,5625.748,9464.881,2000,5280.623,9034.577,2000,5298.838,9123.244,2000,5534.889,9343.57,2000,5515.101
9439.309,2000,5412.952,9412.593,2000,5187.784,9080.113,2000,5191.433,9240.749,2000,5590.881,9019.036,2000,5449.941,9195.266,2000,5628.152,9463.011,2000,5282.674,9035.838,2000,5301.311,9125.265,2000,5536.752,9341.054,2000,5516.273
9437.368,2000,5414.298,9412.036,2000,5190.078,9080.461,2000,5193.768,9240.231,2000,5593.185,9019.522,2000,5450.821,9194.02,2000,5630.157,9461.422,2000,5284.421,9036.903,2000,5303.418,9126.96,2000,5538.368,9338.919,2000,5517.281
9436.094,2000,5415.19,9411.62,2000,5191.578,9080.74,2000,5195.299,9239.94,2000,5594.714,9019.848,2000,5451.366,9193.155,2000,5631.451,9460.377,2000,5285.575,9037.597,2000,5304.812,9128.046,2000,5539.468,9337.519,2000,5517.959
9433.841,2000,5416.788,9410.794,2000,5194.214,9081.325,2000,5197.999,9239.512,2000,5597.443,9020.439,2000,5452.289,9191.547,2000,5633.697,9458.528,2000,5287.627,9038.809,2000,5307.294,9129.91,2000,5541.484,9335.048,2000,5519.195
9430.757,2000,5418.979,9409.546,2000,5197.786,9082.232,2000,5201.672,9239.048,2000,5601.198,9021.251,2000,5453.466,9189.244,2000,5636.699,9455.997,2000,5290.439,9040.464,2000,5310.696,9132.424,2000,5544.287,9331.668,2000,5520.895
9430.287,2000,5419.315,9409.338,2000,5198.324,9082.369,2000,5202.233,9238.996,2000,5601.773,9021.373,2000,5453.631,9188.878,2000,5637.146,9455.611,2000,5290.869,9040.714,2000,5311.216,9132.795,2000,5544.726,9331.154,2000,5521.159
9428.223,2000,5420.806,9408.342,2000,5200.668,9082.964,2000,5204.708,9238.85,2000,5604.315,9021.928,2000,5454.334,9187.199,2000,5639.06,9453.915,2000,5292.768,9041.805,2000,5313.517,9134.385,2000,5546.703,9328.898,2000,5522.34
9426.393,2000,5422.136,9407.39,2000,5202.721,9083.486,2000,5206.91,9238.794,2000,5606.577,9022.422,2000,5454.918,9185.652,2000,5640.712,9452.41,2000,5294.457,9042.765,2000,5315.566,9135.755,2000,5548.495,9326.901,2000,5523.404
9424.624,2000,5423.434,9406.402,2000,5204.679,9083.984,2000,5209.046,9238.812,2000,5608.771,9022.902,2000,5455.451,9184.102,2000,5642.263,9450.955,2000,5296.098,9043.683,2000,5317.558,9137.025,2000,5550.276,9324.977,2000,5524.456
9422.244,2000,5425.188,9404.985,2000,5207.273,9084.65,2000,5211.926,9238.932,2000,5611.724,9023.554,2000,5456.127,9181.944,2000,5644.285,9448.996,2000,5298.311,9044.912,2000,5320.246,9138.7,2000,5552.704,9322.389,2000,5525.884
9421.154,2000,5426,9404.311,2000,5208.453,9084.951,2000,5213.251,9239.031,2000,5613.08,9023.845,2000,5456.422,9180.923,2000,5645.181,9448.098,2000,5299.331,9045.469,2000,5321.486,9139.434,2000,5553.845,9321.206,2000,5526.554
9418.421,2000,5428.041,9402.616,2000,5211.414,9085.703,2000,5216.579,9239.393,2000,5616.472,9024.562,2000,5457.153,9178.286,2000,5647.346,9445.843,2000,5301.891,9046.862,2000,5324.6,9141.242,2000,5556.731,9318.241,2000,5528.241
9418.041,2000,5428.325,9402.381,2000,5211.825,9085.807,2000,5217.042,9239.458,2000,5616.942,9024.656,2000,5457.251,9177.93,2000,5647.659,9445.529,2000,5302.247,9047.055,2000,5325.033,9141.507,2000,5557.124,9317.83,2000,5528.479
9416.611,2000,5429.406,9401.492,2000,5213.382,9086.192,2000,5218.792,9239.764,2000,5618.708,9025.01,2000,5457.623,9176.622,2000,5648.884,9444.349,2000,5303.596,9047.772,2000,5326.675,9142.555,2000,5558.576,9316.284,2000,5529.387
9414.701,2000,5430.855,9400.236,2000,5215.424,9086.705,2000,5221.134,9240.25,2000,5621.056,9025.47,2000,5458.111,9174.927,2000,5650.58,9442.829,2000,5305.451,9048.728,2000,5328.875,9144.02,2000,5560.471,9314.222,2000,5530.609
9413.763,2000,5431.575,9399.584,2000,5216.411,9086.953,2000,5222.291,9240.527,2000,5622.206,9025.688,2000,5458.349,9174.118,2000,5651.443,9442.11,2000,5306.39,9049.191,2000,5329.962,9144.772,2000,5561.381,9313.21,2000,5531.223
9411.272,2000,5433.493,9397.766,2000,5218.975,9087.605,2000,5225.366,9241.365,2000,5625.236,9026.255,2000,5458.974,9172.046,2000,5653.807,9440.282,2000,5308.947,9050.414,2000,5332.858,9146.852,2000,5563.735,9310.532,2000,5532.869
9409.865,2000,5434.582,9396.689,2000,5220.392,9087.971,2000,5227.107,9241.896,2000,5626.934,9026.563,2000,5459.317,9170.918,2000,5655.183,9439.295,2000,5310.427,9051.101,2000,5334.5,9148.071,2000,5565.029,9309.021,2000,5533.808
9408.664,2000,5435.516,9395.729,2000,5221.573,9088.281,2000,5228.597,9242.396,2000,5628.371,9026.819,2000,5459.607,9169.992,2000,5656.39,9438.492,2000,5311.72,9051.684,2000,5335.905,9149.15,2000,5566.101,9307.732,2000,5534.616
9407.6,2000,5436.345,9394.845,2000,5222.591,9088.556,2000,5229.918,9242.882,2000,5629.63,9027.043,2000,5459.86,9169.207,2000,5657.487,9437.819,2000,5312.889,9052.199,2000,5337.151,9150.138,2000,5567.019,9306.591,2000,5535.335
9407.124,2000,5436.719,9394.463,2000,5223.061,9088.677,2000,5230.511,9243.118,2000,5630.188,9027.141,2000,5459.973,9168.871,2000,5657.99,9437.5,2000,5313.403,9052.428,2000,5337.712,9150.594,2000,5567.417,9306.082,2000,5535.663
9404.912,2000,5438.463,9392.759,2000,5225.304,9089.234,2000,5233.272,9244.301,2000,5632.744,9027.589,2000,5460.497,9167.384,2000,5660.383,9435.938,2000,5315.747,9053.481,2000,5340.324,9152.776,2000,5569.195,9303.719,2000,5537.196
9403.845,2000,5439.31,9391.971,2000,5226.416,9089.501,2000,5234.608,9244.913,2000,5633.961,9027.798,2000,5460.744,9166.691,2000,5661.556,9435.146,2000,5316.855,9053.986,2000,5341.589,9153.859,2000,5570.021,9302.58,2000,5537.944
9402.386,2000,5440.473,9390.941,2000,5227.972,9089.861,2000,5236.439,9245.806,2000,5635.6,9028.077,2000,5461.081,9165.723,2000,5663.15,9434.012,2000,5318.336,9054.671,2000,5343.324,9155.379,2000,5571.102,9301.027,2000,5538.979
9400.92,2000,5441.651,9389.956,2000,5229.573,9090.219,2000,5238.285,9246.759,2000,5637.22,9028.351,2000,5461.416,9164.718,2000,5664.74,9432.82,2000,5319.791,9055.352,2000,5345.077,9156.945,2000,5572.141,9299.471,2000,5540.033
9398.854,2000,5443.319,9388.492,2000,5231.788,9090.719,2000,5240.893,9248.179,2000,5639.464,9028.727,2000,5461.882,9163.259,2000,5666.958,9431.206,2000,5321.899,9056.306,2000,5347.554,9159.204,2000,5573.535,9297.278,2000,5541.531
9397.862,2000,5444.123,9387.754,2000,5232.829,9090.956,2000,5242.146,9248.896,2000,5640.52,9028.901,2000,5462.101,9162.53,2000,5668.006,9430.464,2000,5322.937,9056.76,2000,5348.746,9160.312,2000,5574.169,9296.229,2000,5542.257
9396.495,2000,5445.239,9386.687,2000,5234.234,9091.28,2000,5243.881,9249.936,2000,5641.946,9029.138,2000,5462.403,9161.506,2000,5669.443,9429.485,2000,5324.405,9057.381,2000,5350.397,9161.87,2000,5574.995,9294.784,2000,5543.271
9394.809,2000,5446.625,9385.31,2000,5235.929,9091.675,2000,5246.028,9251.278,2000,5643.667,9029.422,2000,5462.772,9160.208,2000,5671.199,9428.334,2000,5326.261,9058.14,2000,5352.444,9163.832,2000,5575.954,9293.005,2000,5544.537
9393.051,2000,5448.071,9383.933,2000,5237.742,9092.085,2000,5248.267,9252.736,2000,5645.416,9029.712,2000,5463.149,9158.816,2000,5673,9427.071,2000,5328.155,9058.929,2000,5354.578,9165.908,2000,5576.886,9291.152,2000,5545.859
9392.721,2000,5448.344,9383.685,2000,5238.091,9092.161,2000,5248.689,9253.021,2000,5645.735,9029.765,2000,5463.22,9158.547,2000,5673.333,9426.822,2000,5328.503,9059.075,2000,5354.98,9166.305,2000,5577.049,9290.806,2000,5546.11
9390.86,2000,5449.893,9382.35,2000,5240.111,9092.586,2000,5251.072,9254.69,2000,5647.489,9030.06,2000,5463.616,9157.018,2000,5675.21,9425.351,2000,5330.426,9059.896,2000,5357.257,9168.573,2000,5577.894,9288.853,2000,5547.541
9389.633,2000,5450.919,9381.512,2000,5241.474,9092.864,2000,5252.648,9255.755,2000,5648.684,9030.249,2000,5463.873,9156.049,2000,5676.483,9424.337,2000,5331.664,9060.434,2000,5358.763,9170.09,2000,5578.402,9287.565,2000,5548.491
9388.675,2000,5451.723,9380.821,2000,5242.518,9093.079,2000,5253.88,9256.557,2000,5649.645,9030.395,2000,5464.071,9155.324,2000,5677.503,9423.576,2000,5332.657,9060.851,2000,5359.941,9171.288,2000,5578.761,9286.562,2000,5549.238
9387.517,2000,5452.699,9379.945,2000,5243.752,9093.337,2000,5255.373,9257.488,2000,5650.838,9030.567,2000,5464.31,9154.407,2000,5678.708,9422.695,2000,5333.889,9061.352,2000,5361.369,9172.724,2000,5579.243,9285.352,2000,5550.148
9386.394,2000,5453.649,9379.056,2000,5244.924,9093.585,2000,5256.822,9258.354,2000,5652.027,9030.731,2000,5464.54,9153.479,2000,5679.848,9421.88,2000,5335.112,9061.834,2000,5362.757,9174.102,2000,5579.756,9284.18,2000,5551.037
9385.204,2000,5454.661,9378.071,2000,5246.136,9093.844,2000,5258.362,9259.232,2000,5653.318,9030.902,2000,5464.782,9152.453,2000,5681.026,9421.057,2000,5336.439,9062.34,2000,5364.233,9175.546,2000,5580.348,9282.941,2000,5551.988
9383.724,2000,5455.926,9376.894,2000,5247.687,9094.164,2000,5260.283,9260.274,2000,5654.964,9031.111,2000,5465.082,9151.127,2000,5682.452,9419.977,2000,5338.06,9062.966,2000,5366.075,9177.322,2000,5581.146,9281.401,2000,5553.181
9382.609,2000,5456.879,9376.045,2000,5248.883,9094.404,2000,5261.73,9261.018,2000,5656.228,9031.266,2000,5465.304,9150.094,2000,5683.493,9419.124,2000,5339.252,9063.436,2000,5367.462,9178.64,2000,5581.79,9280.243,2000,5554.08
9382.366,2000,5457.088,9375.868,2000,5249.15,9094.456,2000,5262.046,9261.171,2000,5656.51,9031.299,2000,5465.352,9149.86,2000,5683.713,9418.929,2000,5339.507,9063.537,2000,5367.766,9178.923,2000,5581.94,9279.991,2000,5554.278
9380.827,2000,5458.419,9374.802,2000,5250.884,9094.779,2000,5264.056,9262.086,2000,5658.328,9031.506,2000,5465.659,9148.335,2000,5685.061,9417.639,2000,5341.082,9064.174,2000,5369.697,9180.689,2000,5582.951,9278.397,2000,5555.544
9379.336,2000,5459.713,9373.713,2000,5252.532,9095.091,2000,5266.005,9262.915,2000,5660.12,9031.702,2000,5465.952,9146.813,2000,5686.319,9416.438,2000,5342.65,9064.787,2000,5371.571,9182.37,2000,5583.988,9276.855,2000,5556.778
9378.494,2000,5460.446,9373.067,2000,5253.442,9095.266,2000,5267.108,9263.351,2000,5661.148,9031.811,2000,5466.115,9145.931,2000,5687.002,9415.789,2000,5343.558,9065.132,2000,5372.631,9183.301,2000,5584.605,9276.007,2000,5557.503
9377.654,2000,5461.179,9372.394,2000,5254.33,9095.438,2000,5268.209,9263.751,2000,5662.188,9031.913,2000,5466.281,9145.027,2000,5687.655,9415.171,2000,5344.485,9065.51,2000,5373.677,9184.209,2000,5585.251,9275.184,2000,5558.255
9377.02,2000,5461.734,9371.861,2000,5254.985,9095.568,2000,5269.042,9264.028,2000,5662.985,9031.985,2000,5466.407,9144.327,2000,5688.126,9414.726,2000,5345.203,9065.822,2000,5374.459,9184.88,2000,5585.763,9274.579,2000,5558.844
9376.388,2000,5462.288,9371.311,2000,5255.619,9095.698,2000,5269.873,9264.278,2000,5663.787,9032.053,2000,5466.535,9143.615,2000,5688.572,9414.307,2000,5345.931,9066.158,2000,5375.228,9185.531,2000,5586.293,9273.997,2000,5559.45
9376.196,2000,5462.456,9371.149,2000,5255.817,9095.737,2000,5270.125,9264.347,2000,5664.033,9032.072,2000,5466.574,9143.395,2000,5688.701,9414.172,2000,5346.147,9066.268,2000,5375.458,9185.724,2000,5586.461,9273.826,2000,5559.64
9374.602,2000,5463.861,9369.864,2000,5257.51,9096.058,2000,5272.226,9264.846,2000,5666.099,9032.221,2000,5466.903,9141.523,2000,5689.709,9412.993,2000,5347.916,9067.243,2000,5377.341,9187.28,2000,5587.908,9272.457,2000,5561.266
9374.181,2000,5464.233,9369.539,2000,5257.968,9096.142,2000,5272.781,9264.96,2000,5666.648,9032.257,2000,5466.99,9141.021,2000,5689.96,9412.667,2000,5348.373,9067.517,2000,5377.83,9187.679,2000,5588.304,9272.109,2000,5561.708
9373.762,2000,5464.603,9369.23,2000,5258.434,9096.226,2000,5273.334,9265.056,2000,5667.199,9032.289,2000,5467.077,9140.512,2000,5690.193,9412.327,2000,5348.817,9067.805,2000,5378.307,9188.063,2000,5588.71,9271.778,2000,5562.158
9373.533,2000,5464.806,9369.07,2000,5258.694,9096.271,2000,5273.636,9265.098,2000,5667.501,9032.305,2000,5467.125,9140.23,2000,5690.311,9412.134,2000,5349.053,9067.971,2000,5378.563,9188.265,2000,5588.939,9271.605,2000,5562.409
9372.559,2000,5465.671,9368.424,2000,5259.826,9096.463,2000,5274.925,9265.235,2000,5668.797,9032.366,2000,5467.331,9139.013,2000,5690.774,9411.301,2000,5350.056,9068.714,2000,5379.629,9189.095,2000,5589.944,9270.903,2000,5563.507
9371.922,2000,5466.238,9367.978,2000,5260.552,9096.588,2000,5275.768,9265.298,2000,5669.647,9032.401,2000,5467.465,9138.206,2000,5691.051,9410.778,2000,5350.729,9069.223,2000,5380.31,9189.616,2000,5590.618,9270.468,2000,5564.24
9371.425,2000,5466.682,9367.61,2000,5261.107,9096.685,2000,5276.427,9265.325,2000,5670.313,9032.426,2000,5467.57,9137.569,2000,5691.247,9410.387,2000,5351.269,9069.638,2000,5380.829,9190.006,2000,5591.158,9270.146,2000,5564.824
9370.645,2000,5467.381,9367.005,2000,5261.961,9096.835,2000,5277.463,9265.334,2000,5671.36,9032.458,2000,5467.735,9136.559,2000,5691.522,9409.8,2000,5352.136,9070.315,2000,5381.623,9190.591,2000,5592.027,9269.672,2000,5565.757
9369.865,2000,5468.08,9366.371,2000,5262.795,9096.985,2000,5278.5,9265.308,2000,5672.407,9032.484,2000,5467.9,9135.539,2000,5691.764,9409.241,2000,5353.022,9071.02,2000,5382.395,9191.147,2000,5592.915,9269.228,2000,5566.706
9369.485,2000,5468.421,9366.049,2000,5263.191,9097.059,2000,5279.005,9265.278,2000,5672.917,9032.495,2000,5467.979,9135.039,2000,5691.865,9408.983,2000,5353.462,9071.375,2000,5382.759,9191.404,2000,5593.356,9269.026,2000,5567.175
9369.33,2000,5468.56,9365.912,2000,5263.349,9097.088,2000,5279.211,9265.26,2000,5673.124,9032.498,2000,5468.012,9134.834,2000,5691.9,9408.884,2000,5353.646,9071.524,2000,5382.903,9191.503,2000,5593.54,9268.95,2000,5567.369
9368.492,2000,5469.316,9365.201,2000,5264.224,9097.247,2000,5280.328,9265.121,2000,5674.244,9032.509,2000,5468.188,9133.716,2000,5692.051,9408.314,2000,5354.619,9072.36,2000,5383.656,9192.006,2000,5594.549,9268.574,2000,5568.432
9367.785,2000,5469.955,9364.625,2000,5264.983,9097.38,2000,5281.272,9264.974,2000,5675.185,9032.514,2000,5468.336,9132.768,2000,5692.148,9407.807,2000,5355.426,9073.087,2000,5384.268,9192.402,2000,5595.416,9268.286,2000,5569.341
9367.241,2000,5470.447,9364.201,2000,5265.581,9097.482,2000,5281.998,9264.836,2000,5675.905,9032.514,2000,5468.448,9132.036,2000,5692.199,9407.396,2000,5356.033,9073.661,2000,5384.72,9192.686,2000,5596.092,9268.088,2000,5570.046
9367.087,2000,5470.587,9364.086,2000,5265.755,9097.512,2000,5282.205,9264.79,2000,5676.108,9032.513,2000,5468.48,9131.828,2000,5692.207,9407.273,2000,5356.201,9073.828,2000,5384.843,9192.76,2000,5596.287,9268.038,2000,5570.249
9366.342,2000,5471.264,9363.559,2000,5266.612,9097.65,2000,5283.202,9264.537,2000,5677.083,9032.502,2000,5468.632,9130.821,2000,5692.211,9406.656,2000,5356.996,9074.655,2000,5385.412,9193.087,2000,5597.239,9267.829,2000,5571.233
9365.61,2000,5471.93,9363.068,2000,5267.471,9097.785,2000,5284.181,9264.258,2000,5678.031,9032.487,2000,5468.78,9129.833,2000,5692.182,9406.027,2000,5357.759,9075.485,2000,5385.943,9193.377,2000,5598.185,9267.656,2000,5572.207
9365.197,2000,5472.307,9362.775,2000,5267.947,9097.861,2000,5284.735,9264.082,2000,5678.562,9032.477,2000,5468.863,9129.274,2000,5692.147,9405.687,2000,5358.202,9075.964,2000,5386.228,9193.523,2000,5598.724,9267.576,2000,5572.76
9364.785,2000,5472.684,9362.468,2000,5268.413,9097.938,2000,5285.289,9263.89,2000,5679.085,9032.463,2000,5468.944,9128.719,2000,5692.095,9405.36,2000,5358.655,9076.451,2000,5386.496,9193.652,2000,5599.267,9267.515,2000,5573.315
9364.474,2000,5472.968,9362.224,2000,5268.757,9097.994,2000,5285.706,9263.731,2000,5679.476,9032.45,2000,5469.005,9128.301,2000,5692.042,9405.126,2000,5359.005,9076.825,2000,5386.687,9193.736,2000,5599.68,9267.481,2000,5573.735
9364.164,2000,5473.251,9361.97,2000,5269.091,9098.051,2000,5286.122,9263.562,2000,5679.86,9032.437,2000,5469.065,9127.886,2000,5691.975,9404.903,2000,5359.362,9077.204,2000,5386.864,9193.807,2000,5600.094,9267.463,2000,5574.154
9364.011,2000,5473.392,9361.838,2000,5269.253,9098.079,2000,5286.329,9263.471,2000,5680.047,9032.429,2000,5469.095,9127.682,2000,5691.935,9404.799,2000,5359.542,9077.395,2000,5386.946,9193.835,2000,5600.301,9267.46,2000,5574.363
9363.368,2000,5473.981,9361.266,2000,5269.912,9098.195,2000,5287.193,9263.065,2000,5680.82,9032.392,2000,5469.216,9126.831,2000,5691.74,9404.386,2000,5360.311,9078.204,2000,5387.263,9193.924,2000,5601.168,9267.478,2000,5575.235
9363.106,2000,5474.222,9361.042,2000,5270.188,9098.242,2000,5287.545,9262.891,2000,5681.129,9032.375,2000,5469.265,9126.487,2000,5691.649,9404.207,2000,5360.618,9078.538,2000,5387.381,9193.948,2000,5601.523,9267.496,2000,5575.59
9362.727,2000,5474.572,9360.729,2000,5270.599,9098.311,2000,5288.057,9262.621,2000,5681.57,9032.349,2000,5469.335,9125.992,2000,5691.501,9403.934,2000,5361.057,9079.029,2000,5387.537,9193.967,2000,5602.04,9267.54,2000,5576.104
9362.275,2000,5474.987,9360.375,2000,5271.099,9098.392,2000,5288.665,9262.284,2000,5682.083,9032.314,2000,5469.416,9125.411,2000,5691.306,9403.592,2000,5361.566,9079.617,2000,5387.703,9193.969,2000,5602.653,9267.612,2000,5576.713
9362.122,2000,5475.128,9360.26,2000,5271.273,9098.419,2000,5288.872,9262.164,2000,5682.253,9032.302,2000,5469.443,9125.216,2000,5691.233,9403.47,2000,5361.735,9079.818,2000,5387.753,9193.963,2000,5602.861,9267.644,2000,5576.919
9361.878,2000,5475.354,9360.086,2000,5271.556,9098.463,2000,5289.201,9261.964,2000,5682.518,9032.28,2000,5469.485,9124.908,2000,5691.107,9403.267,2000,5361.998,9080.143,2000,5387.822,9193.942,2000,5603.192,9267.704,2000,5577.246
9361.456,2000,5475.743,9359.802,2000,5272.055,9098.538,2000,5289.771,9261.604,2000,5682.965,9032.241,2000,5469.557,9124.385,2000,5690.873,9402.902,2000,5362.442,9080.706,2000,5387.922,9193.888,2000,5603.764,9267.827,2000,5577.807
9361.163,2000,5476.014,9359.615,2000,5272.407,9098.603,2000,5290.164,9261.343,2000,5683.267,9032.213,2000,5469.606,9124.026,2000,5690.698,9402.649,2000,5362.75,9081.095,2000,5388.005,9193.837,2000,5604.159,9267.926,2000,5578.193
9360.879,2000,5476.276,9359.435,2000,5272.749,9098.678,2000,5290.543,9261.081,2000,5683.551,9032.185,2000,5469.653,9123.685,2000,5690.517,9402.404,2000,5363.049,9081.469,2000,5388.097,9193.775,2000,5604.541,9268.033,2000,5578.564
9360.622,2000,5476.514,9359.271,2000,5273.059,9098.757,2000,5290.884,9260.835,2000,5683.8,9032.159,2000,5469.695,9123.381,2000,5690.343,9402.183,2000,5363.32,9081.805,2000,5388.192,9193.708,2000,5604.885,9268.142,2000,5578.897
9360.441,2000,5476.682,9359.149,2000,5273.273,9098.82,2000,5291.122,9260.656,2000,5683.97,9032.142,2000,5469.724,9123.171,2000,5690.213,9402.032,2000,5363.516,9082.039,2000,5388.266,9193.653,2000,5605.125,9268.226,2000,5579.129
9359.993,2000,5477.099,9358.829,2000,5273.794,9098.998,2000,5291.708,9260.199,2000,5684.377,9032.097,2000,5469.797,9122.661,2000,5689.875,9401.676,2000,5364.014,9082.614,2000,5388.47,9193.497,2000,5605.717,9268.453,2000,5579.698
9359.808,2000,5477.271,9358.689,2000,5274.006,9099.079,2000,5291.947,9260.005,2000,5684.54,9032.078,2000,5469.827,9122.455,2000,5689.728,9401.535,2000,5364.225,9082.851,2000,5388.559,9193.425,2000,5605.959,9268.555,2000,5579.93
9359.591,2000,5477.473,9358.519,2000,5274.248,9099.184,2000,5292.225,9259.771,2000,5684.722,9032.057,2000,5469.861,9122.22,2000,5689.549,9401.379,2000,5364.476,9083.127,2000,5388.664,9193.331,2000,5606.24,9268.683,2000,5580.197
9359.326,2000,5477.719,9358.3,2000,5274.536,9099.322,2000,5292.559,9259.479,2000,5684.935,9032.03,2000,5469.904,9121.939,2000,5689.32,9401.198,2000,5364.79,9083.464,2000,5388.792,9193.205,2000,5606.579,9268.849,2000,5580.518
9359.052,2000,5477.975,9358.063,2000,5274.827,9099.478,2000,5292.9,9259.169,2000,5685.146,9032.003,2000,5469.947,9121.656,2000,5689.074,9401.021,2000,5365.121,9083.813,2000,5388.925,9193.063,2000,5606.926,9269.032,2000,5580.845
9358.889,2000,5478.126,9357.917,2000,5274.996,9099.576,2000,5293.101,9258.98,2000,5685.265,9031.986,2000,5469.973,9121.493,2000,5688.922,9400.923,2000,5365.321,9084.021,2000,5389.004,9192.971,2000,5607.13,9269.147,2000,5581.036
9358.697,2000,5478.305,9357.752,2000,5275.199,9099.699,2000,5293.331,9258.755,2000,5685.397,9031.967,2000,5470.003,9121.308,2000,5688.738,9400.8,2000,5365.552,9084.265,2000,5389.098,9192.855,2000,5607.365,9269.29,2000,5581.255
9358.49,2000,5478.498,9357.581,2000,5275.424,9099.841,2000,5293.576,9258.507,2000,5685.532,9031.946,2000,5470.036,9121.113,2000,5688.533,9400.658,2000,5365.797,9084.527,2000,5389.199,9192.723,2000,5607.615,9269.452,2000,5581.487
9358.291,2000,5478.684,9357.423,2000,5275.646,9099.985,2000,5293.808,9258.263,2000,5685.655,9031.926,2000,5470.067,9120.933,2000,5688.328,9400.514,2000,5366.029,9084.781,2000,5389.296,9192.587,2000,5607.852,9269.615,2000,5581.706
9358.097,2000,5478.865,9357.276,2000,5275.868,9100.133,2000,5294.028,9258.021,2000,5685.766,9031.906,2000,5470.097,9120.764,2000,5688.124,9400.366,2000,5366.25,9085.028,2000,5389.392,9192.447,2000,5608.077,9269.781,2000,5581.913
9357.91,2000,5479.04,9357.143,2000,5276.086,9100.282,2000,5294.236,9257.786,2000,5685.866,9031.887,2000,5470.126,9120.607,2000,5687.921,9400.218,2000,5366.458,9085.266,2000,5389.484,9192.306,2000,5608.291,9269.947,2000,5582.107
9357.729,2000,5479.21,9357.02,2000,5276.302,9100.434,2000,5294.434,9257.555,2000,5685.955,9031.868,2000,5470.154,9120.462,2000,5687.72,9400.066,2000,5366.655,9085.496,2000,5389.574,9192.162,2000,5608.493,9270.115,2000,5582.291
9357.576,2000,5479.352,9356.923,2000,5276.486,9100.565,2000,5294.595,9257.358,2000,5686.023,9031.853,2000,5470.177,9120.346,2000,5687.547,9399.935,2000,5366.816,9085.689,2000,5389.649,9192.036,2000,5608.659,9270.261,2000,5582.44
9357.304,2000,5479.607,9356.749,2000,5276.816,9100.812,2000,5294.875,9257.002,2000,5686.135,9031.824,2000,5470.219,9120.147,2000,5687.23,9399.698,2000,5367.105,9086.036,2000,5389.784,9191.8,2000,5608.948,9270.53,2000,5582.699
9357.025,2000,5479.868,9356.561,2000,5277.147,9101.072,2000,5295.153,9256.635,2000,5686.236,9031.796,2000,5470.262,9119.956,2000,5686.901,9399.467,2000,5367.408,9086.39,2000,5389.923,9191.55,2000,5609.235,9270.813,2000,5582.954
9356.873,2000,5480.01,9356.452,2000,5277.325,9101.22,2000,5295.301,9256.433,2000,5686.285,9031.78,2000,5470.285,9119.857,2000,5686.718,9399.346,2000,5367.577,9086.583,2000,5389.999,9191.408,2000,5609.388,9270.973,2000,5583.088
9356.396,2000,5480.456,9356.094,2000,5277.87,9101.696,2000,5295.747,9255.794,2000,5686.417,9031.731,2000,5470.357,9119.566,2000,5686.134,9398.984,2000,5368.12,9087.188,2000,5390.238,9190.948,2000,5609.851,9271.485,2000,5583.491
9356.014,2000,5480.815,9355.791,2000,5278.299,9102.091,2000,5296.093,9255.276,2000,5686.507,9031.691,2000,5470.415,9119.348,2000,5685.656,9398.708,2000,5368.566,9087.674,2000,5390.431,9190.566,2000,5610.211,9271.908,2000,5583.802
9355.73,2000,5481.08,9355.558,2000,5278.608,9102.391,2000,5296.338,9254.893,2000,5686.561,9031.662,2000,5470.457,9119.198,2000,5685.299,9398.515,2000,5368.902,9088.032,2000,5390.575,9190.276,2000,5610.467,9272.228,2000,5584.021
9354.921,2000,5481.837,9354.86,2000,5279.471,9103.271,2000,5297.013,9253.801,2000,5686.75,9031.578,2000,5470.576,9118.804,2000,5684.263,9397.994,2000,5369.881,9089.058,2000,5390.988,9189.422,2000,5611.173,9273.161,2000,5584.619
9354.528,2000,5482.206,9354.536,2000,5279.9,9103.708,2000,5297.327,9253.273,2000,5686.86,9031.537,2000,5470.633,9118.629,2000,5683.753,9397.726,2000,5370.348,9089.555,2000,5391.191,9188.996,2000,5611.502,9273.624,2000,5584.894
9354.144,2000,5482.566,9354.232,2000,5280.331,9104.146,2000,5297.62,9252.761,2000,5686.983,9031.497,2000,5470.689,9118.474,2000,5683.25,9397.448,2000,5370.796,9090.041,2000,5391.391,9188.568,2000,5611.811,9274.086,2000,5585.148
9353.597,2000,5483.077,9353.821,2000,5280.957,9104.782,2000,5298.015,9252.039,2000,5687.183,9031.439,2000,5470.767,9118.277,2000,5682.527,9397.034,2000,5371.42,9090.73,2000,5391.676,9187.947,2000,5612.229,9274.753,2000,5585.487
9352.683,2000,5483.931,9353.169,2000,5282.023,9105.865,2000,5298.64,9250.846,2000,5687.556,9031.343,2000,5470.896,9117.91,2000,5681.332,9396.308,2000,5372.438,9091.881,2000,5392.157,9186.888,2000,5612.893,9275.886,2000,5586.018
9352.195,2000,5484.386,9352.84,2000,5282.604,9106.453,2000,5298.955,9250.216,2000,5687.775,9031.291,2000,5470.963,9117.693,2000,5680.702,9395.903,2000,5372.968,9092.493,2000,5392.417,9186.312,2000,5613.229,9276.498,2000,5586.28
9351.544,2000,5484.994,9352.422,2000,5283.391,9107.253,2000,5299.349,9249.384,2000,5688.096,9031.222,2000,5471.053,9117.376,2000,5679.869,9395.34,2000,5373.658,9093.311,2000,5392.768,9185.527,2000,5613.651,9277.328,2000,5586.604
9350.83,2000,5485.66,9351.936,2000,5284.238,9108.143,2000,5299.751,9248.484,2000,5688.477,9031.146,2000,5471.149,9116.999,2000,5678.968,9394.747,2000,5374.435,9094.204,2000,5393.155,9184.653,2000,5614.086,9278.249,2000,5586.93
9350.085,2000,5486.354,9351.4,2000,5285.104,9109.083,2000,5300.141,9247.561,2000,5688.904,9031.069,2000,5471.252,9116.575,2000,5678.042,9394.156,2000,5375.264,9095.122,2000,5393.59,9183.728,2000,5614.51,9279.22,2000,5587.238
9349.311,2000,5487.074,9350.814,2000,5285.984,9110.073,2000,5300.514,9246.615,2000,5689.379,9030.995,2000,5471.36,9116.104,2000,5677.095,9393.57,2000,5376.145,9096.061,2000,5394.072,9182.752,2000,5614.918,9280.238,2000,5587.524
9348.502,2000,5487.825,9350.174,2000,5286.883,9111.118,2000,5300.868,9245.646,2000,5689.907,9030.922,2000,5471.474,9115.58,2000,5676.124,9392.989,2000,5377.083,9097.022,2000,5394.607,9181.721,2000,5615.311,9281.29,2000,5587.858
9346.793,2000,5489.412,9348.759,2000,5288.736,9113.35,2000,5301.545,9243.637,2000,5691.089,9030.775,2000,5471.718,9114.407,2000,5674.109,9391.828,2000,5379.104,9099.017,2000,5395.803,9179.516,2000,5616.068,9283.488,2000,5588.635
9346.345,2000,5489.827,9348.404,2000,5289.234,9113.939,2000,5301.703,9243.12,2000,5691.416,9030.74,2000,5471.782,9114.083,2000,5673.592,9391.507,2000,5379.624,9099.528,2000,5396.134,9178.932,2000,5616.247,9284.058,2000,5588.858
9346.191,2000,5489.969,9348.289,2000,5289.407,9114.143,2000,5301.75,9242.948,2000,5691.533,9030.729,2000,5471.804,9113.967,2000,5673.419,9391.392,2000,5379.797,9099.699,2000,5396.252,9178.73,2000,5616.302,9284.249,2000,5588.94
9344.998,2000,5491.072,9347.435,2000,5290.79,9115.736,2000,5302.067,9241.635,2000,5692.49,9030.646,2000,5471.979,9113.016,2000,5672.102,9390.448,2000,5381.121,9101.001,2000,5397.218,9177.149,2000,5616.676,9285.721,2000,5589.629
9344.055,2000,5491.943,9346.796,2000,5291.903,9117.003,2000,5302.276,9240.623,2000,5693.279,9030.586,2000,5472.118,9112.23,2000,5671.086,9389.669,2000,5382.141,9102.004,2000,5398.014,9175.892,2000,5616.931,9286.864,2000,5590.211
9343.084,2000,5492.838,9346.102,2000,5293.026,9118.313,2000,5302.449,9239.556,2000,5694.057,9030.529,2000,5472.261,9111.389,2000,5670.068,9388.902,2000,5383.216,9103.008,2000,5398.867,9174.589,2000,5617.151,9288.021,2000,5590.849
9342.092,2000,5493.752,9345.354,2000,5294.15,9119.655,2000,5302.581,9238.439,2000,5694.816,9030.477,2000,5472.407,9110.495,2000,5669.057,9388.155,2000,5384.339,9104.005,2000,5399.771,9173.252,2000,5617.332,9289.182,2000,5591.538
9341.077,2000,5494.686,9344.554,2000,5295.273,9121.031,2000,5302.671,9237.274,2000,5695.553,9030.429,2000,5472.557,9109.549,2000,5668.054,9387.43,2000,5385.512,9104.993,2000,5400.728,9171.88,2000,5617.472,9290.344,2000,5592.281
9340.113,2000,5495.572,9343.759,2000,5296.314,9122.34,2000,5302.714,9236.146,2000,5696.217,9030.388,2000,5472.699,9108.619,2000,5667.132,9386.777,2000,5386.647,9105.901,2000,5401.667,9170.574,2000,5617.562,9291.423,2000,5593.022
9339.398,2000,5496.227,9343.196,2000,5297.103,9123.307,2000,5302.778,9235.294,2000,5696.681,9030.361,2000,5472.804,9107.909,2000,5666.472,9386.268,2000,5387.472,9106.551,2000,5402.383,9169.605,2000,5617.597,9292.203,2000,5593.597
9337.513,2000,5497.953,9341.781,2000,5299.232,9125.852,2000,5303.028,9233.01,2000,5697.83,9030.302,2000,5473.082,9105.98,2000,5664.793,9384.852,2000,5389.601,9108.2,2000,5404.328,9167.049,2000,5617.606,9294.212,2000,5595.179
9336.681,2000,5498.713,9341.188,2000,5300.191,9126.97,2000,5303.175,9231.986,2000,5698.303,9030.28,2000,5473.203,9105.106,2000,5664.081,9384.197,2000,5390.519,9108.899,2000,5405.208,9165.922,2000,5617.573,9295.074,2000,5595.905
9335.896,2000,5499.43,9340.659,2000,5301.113,9128.019,2000,5303.349,9231.008,2000,5698.718,9030.264,2000,5473.316,9104.261,2000,5663.437,9383.552,2000,5391.363,9109.53,2000,5406.06,9164.861,2000,5617.507,9295.864,2000,5596.616
9334.744,2000,5500.478,9339.84,2000,5302.438,9129.546,2000,5303.652,9229.555,2000,5699.278,9030.245,2000,5473.482,9102.992,2000,5662.535,9382.647,2000,5392.631,9110.413,2000,5407.337,9163.312,2000,5617.36,9296.987,2000,5597.694
9333.354,2000,5501.741,9338.8,2000,5304.002,9131.375,2000,5304.079,9227.781,2000,5699.896,9030.229,2000,5473.681,9101.427,2000,5661.497,9381.607,2000,5394.195,9111.428,2000,5408.911,9161.448,2000,5617.121,9298.299,2000,5599.039
9332.334,2000,5502.667,9338,2000,5305.124,9132.706,2000,5304.435,9226.466,2000,5700.306,9030.222,2000,5473.825,9100.254,2000,5660.774,9380.883,2000,5395.366,9112.134,2000,5410.089,9160.088,2000,5616.901,9299.228,2000,5600.056
9331.198,2000,5503.695,9337.07,2000,5306.341,9134.173,2000,5304.88,9224.989,2000,5700.714,9030.219,2000,5473.984,9098.924,2000,5660.013,9380.119,2000,5396.695,9112.876,2000,5411.425,9158.584,2000,5616.608,9300.224,2000,5601.221
9329.381,2000,5505.338,9335.648,2000,5308.336,9136.492,2000,5305.667,9222.608,2000,5701.289,9030.223,2000,5474.235,9096.759,2000,5658.866,9378.83,2000,5398.778,9113.991,2000,5413.597,9156.196,2000,5616.06,9301.754,2000,5603.134
9328.453,2000,5506.175,9334.956,2000,5309.377,9137.662,2000,5306.107,9221.384,2000,5701.542,9030.229,2000,5474.361,9095.636,2000,5658.317,9378.138,2000,5399.819,9114.523,2000,5414.724,9154.987,2000,5615.741,9302.502,2000,5604.135
9327.598,2000,5506.945,9334.351,2000,5310.356,9138.726,2000,5306.548,9220.25,2000,5701.739,9030.238,2000,5474.476,9094.586,2000,5657.846,9377.47,2000,5400.756,9114.979,2000,5415.776,9153.885,2000,5615.411,9303.16,2000,5605.079
9326.108,2000,5508.283,9333.354,2000,5312.092,9140.549,2000,5307.374,9218.268,2000,5702.016,9030.261,2000,5474.674,9092.734,2000,5657.087,9376.255,2000,5402.347,9115.712,2000,5417.631,9151.987,2000,5614.774,9304.251,2000,5606.757
9324.697,2000,5509.549,9332.357,2000,5313.704,9142.249,2000,5308.212,9216.383,2000,5702.216,9030.288,2000,5474.858,9090.958,2000,5656.426,9375.154,2000,5403.89,9116.348,2000,5419.41,9150.211,2000,5614.112,9305.231,2000,5608.379
9323.66,2000,5510.477,9331.587,2000,5314.863,9143.477,2000,5308.868,9214.995,2000,5702.318,9030.313,2000,5474.991,9089.639,2000,5655.984,9374.384,2000,5405.048,9116.771,2000,5420.729,9148.924,2000,5613.584,9305.912,2000,5609.593
9322.334,2000,5511.662,9330.555,2000,5316.311,9145.017,2000,5309.757,9213.219,2000,5702.391,9030.349,2000,5475.158,9087.936,2000,5655.474,9373.448,2000,5406.561,9117.257,2000,5422.433,9147.302,2000,5612.856,9306.73,2000,5611.172
9320.74,2000,5513.082,9329.26,2000,5318.007,9146.829,2000,5310.884,9211.084,2000,5702.408,9030.398,2000,5475.355,9085.872,2000,5654.929,9372.385,2000,5408.412,9117.772,2000,5424.495,9145.384,2000,5611.919,9307.65,2000,5613.098
9319.577,2000,5514.117,9328.356,2000,5319.275,9148.124,2000,5311.749,9209.527,2000,5702.417,9030.438,2000,5475.497,9084.354,2000,5654.582,9371.565,2000,5409.735,9118.1,2000,5426.009,9144.009,2000,5611.19,9308.275,2000,5614.524
9318.435,2000,5515.13,9327.511,2000,5320.547,9149.365,2000,5312.638,9208,2000,5702.442,9030.482,2000,5475.632,9082.855,2000,5654.289,9370.72,2000,5411.007,9118.371,2000,5427.505,9142.684,2000,5610.431,9308.842,2000,5615.942
9316.652,2000,5516.708,9326.259,2000,5322.571,9151.253,2000,5314.087,9205.621,2000,5702.502,9030.55,2000,5475.842,9080.506,2000,5653.91,9369.338,2000,5412.945,9118.718,2000,5429.847,9140.658,2000,5609.182,9309.652,2000,5618.18
9315.263,2000,5517.936,9325.324,2000,5324.172,9152.687,2000,5315.263,9203.769,2000,5702.563,9030.597,2000,5476.006,9078.667,2000,5653.675,9368.213,2000,5414.418,9119.047,2000,5431.661,9139.113,2000,5608.157,9310.227,2000,5619.943
9313.86,2000,5519.172,9324.329,2000,5325.755,9154.092,2000,5316.495,9201.9,2000,5702.641,9030.638,2000,5476.17,9076.806,2000,5653.499,9367.127,2000,5415.94,9119.438,2000,5433.478,9137.59,2000,5607.074,9310.747,2000,5621.739
9312.445,2000,5520.417,9323.274,2000,5327.317,9155.468,2000,5317.783,9200.019,2000,5702.738,9030.673,2000,5476.336,9074.925,2000,5653.383,9366.083,2000,5417.509,9119.894,2000,5435.295,9136.091,2000,5605.932,9311.212,2000,5623.565
9310.629,2000,5522.011,9321.857,2000,5329.275,9157.177,2000,5319.492,9197.605,2000,5702.878,9030.711,2000,5476.548,9072.509,2000,5653.313,9364.812,2000,5419.565,9120.553,2000,5437.605,9134.217,2000,5604.405,9311.731,2000,5625.926
9309.439,2000,5523.054,9320.889,2000,5330.525,9158.258,2000,5320.647,9196.026,2000,5702.977,9030.731,2000,5476.686,9070.927,2000,5653.319,9364.023,2000,5420.937,9121.033,2000,5439.101,9133.024,2000,5603.366,9312.021,2000,5627.481
9308.696,2000,5523.703,9320.311,2000,5331.325,9158.908,2000,5321.389,9195.042,2000,5703.052,9030.741,2000,5476.771,9069.94,2000,5653.355,9363.504,2000,5421.775,9121.363,2000,5440.024,9132.302,2000,5602.694,9312.169,2000,5628.457
9306.228,2000,5525.857,9318.478,2000,5334.041,9160.987,2000,5323.921,9191.776,2000,5703.312,9030.765,2000,5477.054,9066.672,2000,5653.582,9361.689,2000,5424.504,9122.558,2000,5443.05,9129.978,2000,5600.386,9312.556,2000,5631.71
9305.49,2000,5526.498,9317.958,2000,5334.868,9161.582,2000,5324.696,9190.804,2000,5703.4,9030.769,2000,5477.137,9065.7,2000,5653.681,9361.122,2000,5425.299,9122.943,2000,5443.939,9129.308,2000,5599.676,9312.64,2000,5632.684
9303.391,2000,5528.318,9316.523,2000,5337.248,9163.201,2000,5326.955,9188.039,2000,5703.676,9030.772,2000,5477.373,9062.947,2000,5654.054,9359.436,2000,5427.508,9124.122,2000,5446.434,9127.469,2000,5597.594,9312.786,2000,5635.458
9301.603,2000,5529.865,9315.238,2000,5339.231,9164.515,2000,5328.92,9185.688,2000,5703.928,9030.77,2000,5477.571,9060.617,2000,5654.447,9358.063,2000,5429.432,9125.193,2000,5448.521,9125.964,2000,5595.772,9312.834,2000,5637.822
9300.174,2000,5531.098,9314.16,2000,5340.78,9165.512,2000,5330.523,9183.813,2000,5704.139,9030.762,2000,5477.727,9058.768,2000,5654.822,9357.019,2000,5431.004,9126.103,2000,5450.159,9124.811,2000,5594.28,9312.811,2000,5639.709
9299.035,2000,5532.079,9313.262,2000,5341.985,9166.264,2000,5331.824,9182.32,2000,5704.316,9030.752,2000,5477.849,9057.306,2000,5655.169,9356.228,2000,5432.282,9126.869,2000,5451.438,9123.932,2000,5593.062,9312.742,2000,5641.21
9297.658,2000,5533.262,9312.13,2000,5343.405,9167.12,2000,5333.425,9180.519,2000,5704.544,9030.735,2000,5477.996,9055.554,2000,5655.646,9355.323,2000,5433.856,9127.846,2000,5452.954,9122.918,2000,5591.557,9312.601,2000,5643.021
9296.123,2000,5534.578,9310.922,2000,5345.026,9168.015,2000,5335.238,9178.515,2000,5704.811,9030.722,2000,5478.158,9053.621,2000,5656.24,9354.26,2000,5435.576,9128.877,2000,5454.676,9121.846,2000,5589.846,9312.377,2000,5645.03
9294.584,2000,5535.893,9309.766,2000,5346.688,9168.851,2000,5337.082,9176.51,2000,5705.092,9030.714,2000,5478.319,9051.707,2000,5656.897,9353.139,2000,5437.261,9129.854,2000,5456.434,9120.828,2000,5588.098,9312.088,2000,5647.033
9293.061,2000,5537.191,9308.677,2000,5348.367,9169.616,2000,5338.931,9174.529,2000,5705.383,9030.711,2000,5478.477,9049.837,2000,5657.609,9351.977,2000,5438.891,9130.762,2000,5458.203,9119.88,2000,5586.338,9311.737,2000,5649.004
9291.594,2000,5538.438,9307.66,2000,5350.002,9170.295,2000,5340.733,9172.627,2000,5705.677,9030.713,2000,5478.627,9048.062,2000,5658.353,9350.808,2000,5440.421,9131.579,2000,5459.933,9119.023,2000,5584.616,9311.338,2000,5650.887
9289.796,2000,5539.961,9306.413,2000,5352.002,9171.053,2000,5342.964,9170.3,2000,5706.05,9030.722,2000,5478.809,9045.919,2000,5659.333,9349.316,2000,5442.246,9132.51,2000,5462.081,9117.907,2000,5582.545,9310.774,2000,5653.175
9288.446,2000,5541.104,9305.429,2000,5353.471,9171.566,2000,5344.657,9168.555,2000,5706.337,9030.732,2000,5478.944,9044.336,2000,5660.121,9348.243,2000,5443.651,9133.155,2000,5463.716,9117.02,2000,5581.019,9310.295,2000,5654.877
9287.43,2000,5541.961,9304.652,2000,5354.551,9171.911,2000,5345.942,9167.243,2000,5706.563,9030.744,2000,5479.044,9043.165,2000,5660.752,9347.471,2000,5444.735,9133.601,2000,5464.961,9116.314,2000,5579.894,9309.893,2000,5656.146
9285.709,2000,5543.411,9303.28,2000,5356.334,9172.422,2000,5348.133,9165.027,2000,5706.953,9030.769,2000,5479.212,9041.221,2000,5661.884,9346.225,2000,5446.608,9134.284,2000,5467.09,9115.061,2000,5578.032,9309.143,2000,5658.267
9284.628,2000,5544.319,9302.383,2000,5357.424,9172.697,2000,5349.518,9163.638,2000,5707.204,9030.786,2000,5479.317,9040.024,2000,5662.634,9345.481,2000,5447.81,9134.669,2000,5468.44,9114.236,2000,5576.89,9308.629,2000,5659.583
9283.563,2000,5545.212,9301.535,2000,5358.525,9172.924,2000,5350.889,9162.272,2000,5707.459,9030.802,2000,5479.419,9038.872,2000,5663.41,9344.712,2000,5448.966,9135.004,2000,5469.779,9113.39,2000,5575.794,9308.081,2000,5660.859
9281.989,2000,5546.53,9300.337,2000,5360.193,9173.192,2000,5352.925,9160.255,2000,5707.844,9030.825,2000,5479.569,9037.207,2000,5664.612,9343.52,2000,5450.638,9135.435,2000,5471.775,9112.086,2000,5574.216,9307.21,2000,5662.719
9281.139,2000,5547.241,9299.72,2000,5361.113,9173.301,2000,5354.028,9159.167,2000,5708.056,9030.837,2000,5479.65,9036.33,2000,5665.29,9342.847,2000,5451.519,9135.632,2000,5472.859,9111.355,2000,5573.389,9306.707,2000,5663.707
9280.044,2000,5548.154,9298.952,2000,5362.314,9173.395,2000,5355.45,9157.77,2000,5708.335,9030.852,2000,5479.753,9035.232,2000,5666.198,9341.945,2000,5452.623,9135.839,2000,5474.26,9110.382,2000,5572.356,9306.02,2000,5664.955
9278.733,2000,5549.245,9298.032,2000,5363.75,9173.45,2000,5357.154,9156.099,2000,5708.675,9030.868,2000,5479.875,9033.954,2000,5667.327,9340.824,2000,5453.907,9136.032,2000,5475.944,9109.178,2000,5571.161,9305.148,2000,5666.421
9277.952,2000,5549.895,9297.457,2000,5364.587,9173.45,2000,5358.17,9155.104,2000,5708.88,9030.878,2000,5479.948,9033.216,2000,5668.024,9340.182,2000,5454.694,9136.18,2000,5476.943,9108.438,2000,5570.473,9304.602,2000,5667.276
9277.035,2000,5550.656,9296.75,2000,5365.546,9173.411,2000,5359.361,9153.938,2000,5709.126,9030.889,2000,5480.033,9032.376,2000,5668.87,9339.458,2000,5455.641,9136.392,2000,5478.108,9107.545,2000,5569.695,9303.927,2000,5668.259
9276.046,2000,5551.476,9295.954,2000,5366.554,9173.327,2000,5360.643,9152.682,2000,5709.395,9030.9,2000,5480.125,9031.501,2000,5669.811,9338.712,2000,5456.687,9136.661,2000,5479.356,9106.556,2000,5568.889,9303.165,2000,5669.293
9275.086,2000,5552.271,9295.15,2000,5367.507,9173.205,2000,5361.883,9151.464,2000,5709.66,9030.911,2000,5480.212,9030.683,2000,5670.751,9338.021,2000,5457.724,9136.962,2000,5480.558,9105.571,2000,5568.139,9302.394,2000,5670.272
9274.154,2000,5553.041,9294.341,2000,5368.405,9173.047,2000,5363.082,9150.283,2000,5709.921,9030.921,2000,5480.297,9029.919,2000,5671.688,9337.386,2000,5458.752,9137.292,2000,5481.713,9104.594,2000,5567.443,9301.615,2000,5671.197
9273.258,2000,5553.781,9293.591,2000,5369.294,9172.857,2000,5364.229,9149.148,2000,5710.176,9030.931,2000,5480.379,9029.215,2000,5672.614,9336.742,2000,5459.721,9137.646,2000,5482.814,9103.633,2000,5566.806,9300.838,2000,5672.062
9272.387,2000,5554.5,9292.892,2000,5370.181,9172.637,2000,5365.336,9148.048,2000,5710.428,9030.939,2000,5480.458,9028.561,2000,5673.534,9336.087,2000,5460.64,9138.023,2000,5483.871,9102.681,2000,5566.219,9300.056,2000,5672.876
9271.213,2000,5555.465,9291.989,2000,5371.404,9172.292,2000,5366.817,9146.567,2000,5710.772,9030.95,2000,5480.563,9027.721,2000,5674.801,9335.164,2000,5461.848,9138.578,2000,5485.277,9101.375,2000,5565.471,9298.967,2000,5673.938
9270.337,2000,5556.186,9291.347,2000,5372.339,9171.998,2000,5367.913,9145.463,2000,5711.029,9030.958,2000,5480.642,9027.125,2000,5675.767,9334.446,2000,5462.727,9139.026,2000,5486.313,9100.385,2000,5564.946,9298.129,2000,5674.703
9270.176,2000,5556.318,9291.232,2000,5372.513,9171.938,2000,5368.112,9145.26,2000,5711.077,9030.959,2000,5480.656,9027.021,2000,5675.947,9334.31,2000,5462.883,9139.115,2000,5486.5,9100.2,2000,5564.856,9297.971,2000,5674.838
9268.549,2000,5557.653,9290.078,2000,5374.273,9171.295,2000,5370.116,9143.213,2000,5711.568,9030.973,2000,5480.801,9026.036,2000,5677.807,9332.874,2000,5464.422,9140.071,2000,5488.362,9098.305,2000,5564.005,9296.327,2000,5676.153
9268.112,2000,5558.011,9289.754,2000,5374.734,9171.122,2000,5370.653,9142.664,2000,5711.701,9030.977,2000,5480.839,9025.788,2000,5678.314,9332.503,2000,5464.847,9140.344,2000,5488.853,9097.79,2000,5563.794,9295.875,2000,5676.491
9267.674,2000,5558.37,9289.413,2000,5375.187,9170.948,2000,5371.192,9142.113,2000,5711.835,9030.98,2000,5480.878,9025.557,2000,5678.831,9332.145,2000,5465.286,9140.634,2000,5489.337,9097.268,2000,5563.6,9295.41,2000,5676.815
9266.973,2000,5558.942,9288.845,2000,5375.892,9170.669,2000,5372.053,9141.234,2000,5712.052,9030.986,2000,5480.939,9025.213,2000,5679.669,9331.595,2000,5466.006,9141.122,2000,5490.094,9096.423,2000,5563.316,9294.651,2000,5677.309
9266.293,2000,5559.498,9288.271,2000,5376.557,9170.396,2000,5372.887,9140.383,2000,5712.264,9030.991,2000,5480.999,9024.906,2000,5680.492,9331.085,2000,5466.721,9141.619,2000,5490.813,9095.597,2000,5563.069,9293.9,2000,5677.763
9265.631,2000,5560.038,9287.693,2000,5377.185,9170.13,2000,5373.699,9139.555,2000,5712.472,9030.996,2000,5481.057,9024.635,2000,5681.301,9330.612,2000,5467.432,9142.125,2000,5491.496,9094.786,2000,5562.854,9293.155,2000,5678.18
9264.989,2000,5560.561,9287.113,2000,5377.775,9169.871,2000,5374.485,9138.752,2000,5712.675,9031.001,2000,5481.112,9024.397,2000,5682.094,9330.177,2000,5468.136,9142.637,2000,5492.142,9093.995,2000,5562.673,9292.421,2000,5678.561
9264.368,2000,5561.066,9286.571,2000,5378.365,9169.619,2000,5375.245,9137.977,2000,5712.873,9031.005,2000,5481.166,9024.193,2000,5682.869,9329.733,2000,5468.803,9143.152,2000,5492.75,9093.226,2000,5562.522,9291.698,2000,5678.906
9263.766,2000,5561.557,9286.064,2000,5378.953,9169.374,2000,5375.982,9137.225,2000,5713.066,9031.009,2000,5481.218,9024.02,2000,5683.625,9329.282,2000,5469.435,9143.672,2000,5493.323,9092.476,2000,5562.401,9290.987,2000,5679.218
9263.185,2000,5562.029,9285.595,2000,5379.536,9169.138,2000,5376.692,9136.5,2000,5713.254,9031.013,2000,5481.269,9023.876,2000,5684.36,9328.828,2000,5470.03,9144.19,2000,5493.859,9091.75,2000,5562.309,9290.292,2000,5679.496
9262.62,2000,5562.487,9285.157,2000,5380.116,9168.907,2000,5377.381,9135.797,2000,5713.438,9031.016,2000,5481.317,9023.761,2000,5685.077,9328.368,2000,5470.593,9144.711,2000,5494.363,9091.044,2000,5562.242,9289.608,2000,5679.743
9262.072,2000,5562.931,9284.752,2000,5380.692,9168.683,2000,5378.049,9135.115,2000,5713.617,9031.019,2000,5481.364,9023.671,2000,5685.776,9327.904,2000,5471.124,9145.231,2000,5494.835,9090.357,2000,5562.199,9288.938,2000,5679.961
9261.541,2000,5563.362,9284.373,2000,5381.262,9168.464,2000,5378.698,9134.454,2000,5713.792,9031.021,2000,5481.409,9023.606,2000,5686.458,9327.438,2000,5471.625,9145.751,2000,5495.277,9089.691,2000,5562.18,9288.28,2000,5680.152
9261.026,2000,5563.779,9284.006,2000,5381.813,9168.252,2000,5379.325,9133.814,2000,5713.963,9031.022,2000,5481.453,9023.565,2000,5687.118,9326.971,2000,5472.094,9146.268,2000,5495.687,9089.047,2000,5562.182,9287.639,2000,5680.315
9260.525,2000,5564.185,9283.631,2000,5382.337,9168.045,2000,5379.935,9133.192,2000,5714.13,9031.022,2000,5481.496,9023.547,2000,5687.762,9326.531,2000,5472.565,9146.783,2000,5496.07,9088.421,2000,5562.205,9287.012,2000,5680.463
9260.043,2000,5564.575,9283.254,2000,5382.83,9167.845,2000,5380.522,9132.593,2000,5714.292,9031.021,2000,5481.537,9023.549,2000,5688.383,9326.123,2000,5473.033,9147.292,2000,5496.422,9087.819,2000,5562.246,9286.408,2000,5680.606
9259.575,2000,5564.954,9282.872,2000,5383.295,9167.65,2000,5381.092,9132.012,2000,5714.449,9031.019,2000,5481.576,9023.57,2000,5688.984,9325.742,2000,5473.499,9147.796,2000,5496.748,9087.238,2000,5562.305,9285.822,2000,5680.746
9259.121,2000,5565.32,9282.487,2000,5383.735,9167.461,2000,5381.645,9131.448,2000,5714.603,9031.015,2000,5481.614,9023.61,2000,5689.566,9325.388,2000,5473.963,9148.295,2000,5497.047,9086.678,2000,5562.381,9285.255,2000,5680.881
9258.682,2000,5565.675,9282.102,2000,5384.148,9167.277,2000,5382.179,9130.903,2000,5714.752,9031.01,2000,5481.651,9023.668,2000,5690.128,9325.06,2000,5474.423,9148.787,2000,5497.321,9086.138,2000,5562.472,9284.705,2000,5681.012
9258.254,2000,5566.021,9281.713,2000,5384.538,9167.098,2000,5382.699,9130.373,2000,5714.898,9031.004,2000,5481.687,9023.742,2000,5690.674,9324.755,2000,5474.881,9149.275,2000,5497.572,9085.615,2000,5562.578,9284.17,2000,5681.14
9257.839,2000,5566.355,9281.349,2000,5384.927,9166.924,2000,5383.203,9129.859,2000,5715.04,9030.997,2000,5481.721,9023.831,2000,5691.2,9324.445,2000,5475.315,9149.756,2000,5497.799,9085.113,2000,5562.697,9283.651,2000,5681.265
9257.439,2000,5566.678,9281.011,2000,5385.313,9166.756,2000,5383.688,9129.365,2000,5715.177,9030.989,2000,5481.753,9023.933,2000,5691.703,9324.134,2000,5475.723,9150.226,2000,5498.003,9084.634,2000,5562.828,9283.152,2000,5681.385
9257.052,2000,5566.99,9280.695,2000,5385.699,9166.593,2000,5384.158,9128.886,2000,5715.311,9030.98,2000,5481.785,9024.048,2000,5692.187,9323.818,2000,5476.108,9150.688,2000,5498.186,9084.174,2000,5562.969,9282.668,2000,5681.501
9256.676,2000,5567.293,9280.401,2000,5386.083,9166.434,2000,5384.615,9128.421,2000,5715.441,9030.972,2000,5481.815,9024.175,2000,5692.653,9323.501,2000,5476.472,9151.142,2000,5498.348,9083.732,2000,5563.12,9282.198,2000,5681.615
9256.311,2000,5567.587,9280.129,2000,5386.464,9166.279,2000,5385.057,9127.97,2000,5715.568,9030.962,2000,5481.844,9024.313,2000,5693.101,9323.182,2000,5476.815,9151.587,2000,5498.491,9083.31,2000,5563.281,9281.743,2000,5681.725
9255.956,2000,5567.873,9279.875,2000,5386.841,9166.129,2000,5385.487,9127.532,2000,5715.692,9030.951,2000,5481.871,9024.46,2000,5693.531,9322.86,2000,5477.137,9152.023,2000,5498.616,9082.904,2000,5563.45,9281.301,2000,5681.832
9255.612,2000,5568.149,9279.629,2000,5387.207,9165.983,2000,5385.903,9127.108,2000,5715.812,9030.94,2000,5481.897,9024.615,2000,5693.944,9322.539,2000,5477.439,9152.45,2000,5498.723,9082.518,2000,5563.627,9280.872,2000,5681.936
9255.391,2000,5568.327,9279.462,2000,5387.438,9165.889,2000,5386.171,9126.835,2000,5715.89,9030.933,2000,5481.914,9024.712,2000,5694.211,9322.339,2000,5477.641,9152.728,2000,5498.783,9082.272,2000,5563.749,9280.596,2000,5682.003
9254.831,2000,5568.776,9279.022,2000,5388.005,9165.65,2000,5386.848,9126.146,2000,5716.087,9030.912,2000,5481.956,9024.951,2000,5694.888,9321.85,2000,5478.166,9153.433,2000,5498.912,9081.663,2000,5564.077,9279.898,2000,5682.173
9254.526,2000,5569.021,9278.773,2000,5388.306,9165.521,2000,5387.216,9125.77,2000,5716.195,9030.9,2000,5481.978,9025.079,2000,5695.257,9321.593,2000,5478.46,9153.818,2000,5498.969,9081.337,2000,5564.267,9279.519,2000,5682.266
9254.198,2000,5569.284,9278.495,2000,5388.621,9165.38,2000,5387.613,9125.365,2000,5716.312,9030.887,2000,5482.001,9025.213,2000,5695.656,9321.327,2000,5478.786,9154.235,2000,5499.017,9080.993,2000,5564.482,9279.11,2000,5682.366
9253.838,2000,5569.573,9278.178,2000,5388.957,9165.226,2000,5388.048,9124.921,2000,5716.44,9030.871,2000,5482.026,9025.359,2000,5696.094,9321.047,2000,5479.153,9154.695,2000,5499.055,9080.624,2000,5564.731,9278.661,2000,5682.477
9253.676,2000,5569.704,9278.03,2000,5389.104,9165.156,2000,5388.245,9124.721,2000,5716.498,9030.863,2000,5482.038,9025.425,2000,5696.292,9320.926,2000,5479.323,9154.903,2000,5499.065,9080.461,2000,5564.849,9278.459,2000,5682.526
9253.514,2000,5569.834,9277.878,2000,5389.246,9165.086,2000,5388.441,9124.521,2000,5716.556,9030.855,2000,5482.048,9025.487,2000,5696.491,9320.811,2000,5479.496,9155.111,2000,5499.069,9080.302,2000,5564.971,9278.257,2000,5682.576
9252.864,2000,5570.354,9277.25,2000,5389.792,9164.807,2000,5389.225,9123.722,2000,5716.789,9030.823,2000,5482.09,9025.731,2000,5697.287,9320.372,2000,5480.204,9155.942,2000,5499.056,9079.684,2000,5565.482,9277.448,2000,5682.775
9252.613,2000,5570.556,9277.015,2000,5390.011,9164.698,2000,5389.528,9123.416,2000,5716.889,9030.811,2000,5482.106,9025.815,2000,5697.597,9320.194,2000,5480.472,9156.264,2000,5499.061,9079.451,2000,5565.688,9277.136,2000,5682.853
9252.445,2000,5570.69,9276.862,2000,5390.162,9164.626,2000,5389.731,9123.214,2000,5716.962,9030.802,2000,5482.116,9025.865,2000,5697.806,9320.069,2000,5480.647,9156.479,2000,5499.072,9079.301,2000,5565.83,9276.927,2000,5682.904
9252.282,2000,5570.82,9276.72,2000,5390.313,9164.556,2000,5389.927,9123.021,2000,5717.04,9030.793,2000,5482.126,9025.906,2000,5698.01,9319.943,2000,5480.813,9156.686,2000,5499.089,9079.159,2000,5565.972,9276.725,2000,5682.954
9251.875,2000,5571.146,9276.374,2000,5390.704,9164.38,2000,5390.418,9122.543,2000,5717.25,9030.77,2000,5482.149,9025.993,2000,5698.524,9319.613,2000,5481.216,9157.203,2000,5499.148,9078.817,2000,5566.34,9276.219,2000,5683.079
9251.707,2000,5571.28,9276.237,2000,5390.87,9164.308,2000,5390.62,9122.35,2000,5717.343,9030.76,2000,5482.159,9026.021,2000,5698.737,9319.472,2000,5481.378,9157.415,2000,5499.18,9078.682,2000,5566.497,9276.011,2000,5683.13
9251.52,2000,5571.43,9276.09,2000,5391.06,9164.227,2000,5390.846,9122.137,2000,5717.454,9030.748,2000,5482.169,9026.046,2000,5698.977,9319.308,2000,5481.554,9157.651,2000,5499.223,9078.535,2000,5566.676,9275.777,2000,5683.188
9251.304,2000,5571.603,9275.929,2000,5391.283,9164.133,2000,5391.105,9121.896,2000,5717.589,9030.734,2000,5482.18,9026.065,2000,5699.251,9319.113,2000,5481.749,9157.921,2000,5499.281,9078.374,2000,5566.888,9275.51,2000,5683.255
9251.096,2000,5571.769,9275.779,2000,5391.503,9164.043,2000,5391.356,9121.669,2000,5717.727,9030.721,2000,5482.19,9026.075,2000,5699.518,9318.92,2000,5481.931,9158.179,2000,5499.346,9078.226,2000,5567.097,9275.252,2000,5683.319
9250.896,2000,5571.928,9275.636,2000,5391.715,9163.956,2000,5391.597,9121.454,2000,5717.867,9030.708,2000,5482.2,9026.076,2000,5699.774,9318.731,2000,5482.105,9158.425,2000,5499.416,9078.089,2000,5567.303,9275.003,2000,5683.38
9250.701,2000,5572.083,9275.496,2000,5391.92,9163.872,2000,5391.831,9121.251,2000,5718.009,9030.695,2000,5482.208,9026.069,2000,5700.022,9318.55,2000,5482.273,9158.661,2000,5499.492,9077.963,2000,5567.506,9274.762,2000,5683.44
9250.512,2000,5572.234,9275.359,2000,5392.121,9163.79,2000,5392.059,9121.057,2000,5718.155,9030.683,2000,5482.217,9026.055,2000,5700.264,9318.372,2000,5482.438,9158.89,2000,5499.573,9077.847,2000,5567.709,9274.526,2000,5683.499
9250.328,2000,5572.381,9275.228,2000,5392.315,9163.71,2000,5392.279,9120.874,2000,5718.301,9030.67,2000,5482.224,9026.032,2000,5700.498,9318.2,2000,5482.597,9159.107,2000,5499.659,9077.74,2000,5567.91,9274.299,2000,5683.556
9250.162,2000,5572.513,9275.103,2000,5392.486,9163.638,2000,5392.478,9120.713,2000,5718.439,9030.658,2000,5482.23,9026.005,2000,5700.708,9318.05,2000,5482.746,9159.302,2000,5499.744,9077.65,2000,5568.094,9274.093,2000,5683.607
9249.999,2000,5572.643,9274.975,2000,5392.65,9163.566,2000,5392.674,9120.56,2000,5718.58,9030.646,2000,5482.236,9025.972,2000,5700.914,9317.906,2000,5482.897,9159.49,2000,5499.833,9077.568,2000,5568.277,9273.891,2000,5683.657
9249.754,2000,5572.838,9274.774,2000,5392.891,9163.46,2000,5392.968,9120.336,2000,5718.799,9030.629,2000,5482.245,9025.912,2000,5701.221,9317.698,2000,5483.131,9159.769,2000,5499.976,9077.453,2000,5568.557,9273.587,2000,5683.733
9249.54,2000,5573.009,9274.592,2000,5393.095,9163.366,2000,5393.226,9120.146,2000,5718.997,9030.613,2000,5482.251,9025.851,2000,5701.488,9317.523,2000,5483.342,9160.008,2000,5500.108,9077.36,2000,5568.805,9273.321,2000,5683.8
9249.377,2000,5573.139,9274.448,2000,5393.246,9163.295,2000,5393.421,9120.008,2000,5719.152,9030.601,2000,5482.255,9025.798,2000,5701.689,9317.396,2000,5483.507,9160.187,2000,5500.215,9077.296,2000,5568.996,9273.119,2000,5683.851
9249.214,2000,5573.269,9274.3,2000,5393.392,9163.224,2000,5393.617,9119.874,2000,5719.312,9030.588,2000,5482.26,9025.738,2000,5701.889,9317.273,2000,5483.675,9160.361,2000,5500.328,9077.238,2000,5569.189,9272.917,2000,5683.901
9249.038,2000,5573.409,9274.135,2000,5393.544,9163.146,2000,5393.828,9119.735,2000,5719.488,9030.574,2000,5482.264,9025.667,2000,5702.102,9317.147,2000,5483.861,9160.546,2000,5500.456,9077.183,2000,5569.399,9272.699,2000,5683.956
9248.875,2000,5573.539,9273.986,2000,5393.69,9163.075,2000,5394.024,9119.612,2000,5719.656,9030.562,2000,5482.267,9025.595,2000,5702.297,9317.025,2000,5484.03,9160.713,2000,5500.58,9077.138,2000,5569.596,9272.497,2000,5684.007
9248.712,2000,5573.669,9273.843,2000,5393.841,9163.004,2000,5394.22,9119.495,2000,5719.828,9030.549,2000,5482.27,9025.516,2000,5702.49,9316.897,2000,5484.194,9160.876,2000,5500.709,9077.099,2000,5569.794,9272.295,2000,5684.058
9248.537,2000,5573.808,9273.694,2000,5394.008,9162.927,2000,5394.43,9119.375,2000,5720.017,9030.535,2000,5482.273,9025.424,2000,5702.694,9316.755,2000,5484.366,9161.047,2000,5500.854,9077.064,2000,5570.008,9272.078,2000,5684.112
9248.374,2000,5573.938,9273.561,2000,5394.168,9162.855,2000,5394.625,9119.269,2000,5720.196,9030.522,2000,5482.275,9025.332,2000,5702.881,9316.616,2000,5484.522,9161.201,2000,5500.994,9077.039,2000,5570.208,9271.876,2000,5684.163
9248.211,2000,5574.068,9273.433,2000,5394.333,9162.784,2000,5394.821,9119.168,2000,5720.378,9030.51,2000,5482.276,9025.234,2000,5703.065,9316.473,2000,5484.673,9161.351,2000,5501.139,9077.02,2000,5570.41,9271.674,2000,5684.214
9247.991,2000,5574.242,9273.268,2000,5394.559,9162.688,2000,5395.084,9119.041,2000,5720.628,9030.492,2000,5482.278,9025.095,2000,5703.309,9316.273,2000,5484.87,9161.545,2000,5501.34,9077.003,2000,5570.681,9271.402,2000,5684.282
9247.828,2000,5574.372,9273.15,2000,5394.731,9162.616,2000,5395.28,9118.953,2000,5720.817,9030.479,2000,5482.279,9024.985,2000,5703.486,9316.12,2000,5485.012,9161.685,2000,5501.494,9076.997,2000,5570.883,9271.2,2000,5684.333
9247.665,2000,5574.502,9273.027,2000,5394.899,9162.545,2000,5395.476,9118.871,2000,5721.009,9030.467,2000,5482.281,9024.87,2000,5703.66,9315.972,2000,5485.158,9161.819,2000,5501.653,9076.984,2000,5571.085,9270.998,2000,5684.384
9247.502,2000,5574.632,9272.898,2000,5395.063,9162.473,2000,5395.671,9118.796,2000,5721.203,9030.454,2000,5482.282,9024.749,2000,5703.83,9315.828,2000,5485.31,9161.948,2000,5501.816,9076.965,2000,5571.286,9270.796,2000,5684.435
9247.339,2000,5574.762,9272.765,2000,5395.223,9162.4,2000,5395.867,9118.727,2000,5721.4,9030.441,2000,5482.284,9024.623,2000,5703.995,9315.689,2000,5485.465,9162.072,2000,5501.983,9076.939,2000,5571.487,9270.594,2000,5684.485
9247.176,2000,5574.892,9272.626,2000,5395.378,9162.328,2000,5396.062,9118.664,2000,5721.599,9030.429,2000,5482.287,9024.491,2000,5704.157,9315.557,2000,5485.625,9162.19,2000,5502.154,9076.907,2000,5571.687,9270.392,2000,5684.536
9246.994,2000,5575.037,9272.465,2000,5395.546,9162.248,2000,5396.28,9118.602,2000,5721.823,9030.415,2000,5482.29,9024.339,2000,5704.332,9315.414,2000,5485.809,9162.316,2000,5502.35,9076.864,2000,5571.909,9270.166,2000,5684.593
9246.831,2000,5575.166,9272.316,2000,5395.692,9162.176,2000,5396.476,9118.552,2000,5722.025,9030.402,2000,5482.293,9024.197,2000,5704.484,9315.292,2000,5485.978,9162.424,2000,5502.528,9076.819,2000,5572.106,9269.964,2000,5684.644
9246.668,2000,5575.295,9272.163,2000,5395.833,9162.104,2000,5396.671,9118.509,2000,5722.229,9030.39,2000,5482.297,9024.051,2000,5704.632,9315.175,2000,5486.15,9162.524,2000,5502.71,9076.771,2000,5572.303,9269.762,2000,5684.695
9246.444,2000,5575.473,9271.959,2000,5396.034,9162.005,2000,5396.939,9118.459,2000,5722.511,9030.373,2000,5482.303,9023.843,2000,5704.829,9315.007,2000,5486.381,9162.655,2000,5502.965,9076.703,2000,5572.573,9269.484,2000,5684.766
9246.271,2000,5575.611,9271.806,2000,5396.194,9161.928,2000,5397.147,9118.428,2000,5722.731,9030.36,2000,5482.308,9023.676,2000,5704.976,9314.87,2000,5486.557,9162.75,2000,5503.166,9076.65,2000,5572.783,9269.269,2000,5684.82
9245.868,2000,5575.93,9271.464,2000,5396.577,9161.75,2000,5397.628,9118.372,2000,5723.241,9030.331,2000,5482.32,9023.28,2000,5705.303,9314.542,2000,5486.952,9162.954,2000,5503.636,9076.528,2000,5573.267,9268.771,2000,5684.946
9245.643,2000,5576.109,9271.279,2000,5396.797,9161.649,2000,5397.898,9118.351,2000,5723.528,9030.314,2000,5482.328,9023.053,2000,5705.479,9314.351,2000,5487.167,9163.06,2000,5503.904,9076.459,2000,5573.539,9268.492,2000,5685.017
9245.44,2000,5576.269,9271.12,2000,5397,9161.56,2000,5398.14,9118.339,2000,5723.786,9030.3,2000,5482.335,9022.844,2000,5705.63,9314.173,2000,5487.354,9163.146,2000,5504.147,9076.396,2000,5573.783,9268.242,2000,5685.081
9244.783,2000,5576.789,9270.625,2000,5397.677,9161.266,2000,5398.925,9118.33,2000,5724.624,9030.254,2000,5482.359,9022.148,2000,5706.099,9313.576,2000,5487.943,9163.402,2000,5504.944,9076.19,2000,5574.574,9267.43,2000,5685.287
9244.408,2000,5577.085,9270.33,2000,5398.053,9161.098,2000,5399.373,9118.341,2000,5725.102,9030.229,2000,5482.374,9021.743,2000,5706.353,9313.247,2000,5488.291,9163.533,2000,5505.404,9076.071,2000,5575.025,9266.966,2000,5685.404
9243.901,2000,5577.485,9269.916,2000,5398.548,9160.87,2000,5399.977,9118.376,2000,5725.747,9030.194,2000,5482.395,9021.186,2000,5706.677,9312.818,2000,5488.773,9163.689,2000,5506.03,9075.909,2000,5575.635,9266.34,2000,5685.563
9243.355,2000,5577.915,9269.453,2000,5399.066,9160.624,2000,5400.626,9118.437,2000,5726.438,9030.158,2000,5482.419,9020.574,2000,5707.007,9312.374,2000,5489.308,9163.836,2000,5506.708,9075.732,2000,5576.291,9265.667,2000,5685.735
9242.764,2000,5578.38,9268.933,2000,5399.61,9160.356,2000,5401.33,9118.526,2000,5727.186,9030.12,2000,5482.446,9019.9,2000,5707.342,9311.912,2000,5489.902,9163.971,2000,5507.448,9075.538,2000,5577.001,9264.938,2000,5685.921
9242.134,2000,5578.874,9268.361,2000,5400.17,9160.071,2000,5402.078,9118.596,2000,5727.983,9030.081,2000,5482.476,9019.196,2000,5707.722,9311.442,2000,5490.549,9164.088,2000,5508.239,9075.329,2000,5577.756,9264.162,2000,5686.119
9241.467,2000,5579.395,9267.776,2000,5400.782,9159.768,2000,5402.868,9118.642,2000,5728.828,9030.041,2000,5482.508,9018.465,2000,5708.148,9310.923,2000,5491.218,9164.185,2000,5509.08,9075.104,2000,5578.554,9263.342,2000,5686.329
9240.471,2000,5580.172,9266.934,2000,5401.724,9159.313,2000,5404.046,9118.669,2000,5730.091,9029.982,2000,5482.559,9017.395,2000,5708.819,9310.115,2000,5492.189,9164.287,2000,5510.338,9074.763,2000,5579.746,9262.118,2000,5686.642
9239.971,2000,5580.562,9266.526,2000,5402.21,9159.083,2000,5404.637,9118.662,2000,5730.726,9029.954,2000,5482.585,9016.868,2000,5709.173,9309.694,2000,5492.664,9164.318,2000,5510.971,9074.588,2000,5580.343,9261.504,2000,5686.799
9238.923,2000,5581.376,9265.708,2000,5403.254,9158.601,2000,5405.873,9118.604,2000,5732.051,9029.897,2000,5482.643,9015.793,2000,5709.95,9308.781,2000,5493.626,9164.34,2000,5512.296,9074.219,2000,5581.594,9260.219,2000,5687.128
9238.376,2000,5581.8,9265.3,2000,5403.813,9158.348,2000,5406.516,9118.552,2000,5732.74,9029.869,2000,5482.673,9015.246,2000,5710.374,9308.289,2000,5494.112,9164.328,2000,5512.987,9074.023,2000,5582.246,9259.549,2000,5687.3
9237.579,2000,5582.416,9264.721,2000,5404.636,9157.977,2000,5407.452,9118.442,2000,5733.741,9029.829,2000,5482.719,9014.47,2000,5711.015,9307.55,2000,5494.795,9164.278,2000,5513.992,9073.732,2000,5583.193,9258.573,2000,5687.551
9236.276,2000,5583.419,9263.73,2000,5405.95,9157.366,2000,5408.979,9118.21,2000,5735.369,9029.767,2000,5482.796,9013.237,2000,5712.104,9306.38,2000,5495.951,9164.144,2000,5515.63,9073.246,2000,5584.739,9256.98,2000,5687.962
9235.083,2000,5584.401,9262.761,2000,5407.153,9156.792,2000,5410.414,9117.941,2000,5736.891,9029.71,2000,5482.869,9012.113,2000,5713.165,9305.316,2000,5497.072,9163.967,2000,5517.164,9072.786,2000,5586.193,9255.484,2000,5688.348
9234.857,2000,5584.6,9262.564,2000,5407.38,9156.68,2000,5410.692,9117.88,2000,5737.185,9029.699,2000,5482.884,9011.901,2000,5713.377,9305.117,2000,5497.296,9163.923,2000,5517.461,9072.694,2000,5586.475,9255.193,2000,5688.423
9233.639,2000,5585.745,9261.433,2000,5408.61,9156.049,2000,5412.24,9117.482,2000,5738.809,9029.644,2000,5482.967,9010.763,2000,5714.602,9304.049,2000,5498.582,9163.623,2000,5519.104,9072.174,2000,5588.042,9253.575,2000,5688.842
9232.433,2000,5586.955,9260.234,2000,5409.829,9155.402,2000,5413.821,9117.022,2000,5740.455,9029.59,2000,5483.053,9009.641,2000,5715.891,9303,2000,5499.931,9163.262,2000,5520.774,9071.638,2000,5589.646,9251.921,2000,5689.271
9232.029,2000,5587.387,9259.807,2000,5410.236,9155.178,2000,5414.367,9116.845,2000,5741.018,9029.572,2000,5483.083,9009.268,2000,5716.349,9302.653,2000,5500.409,9163.118,2000,5521.346,9071.45,2000,5590.199,9251.35,2000,5689.419
9231.49,2000,5588.004,9259.195,2000,5410.782,9154.863,2000,5415.124,9116.573,2000,5741.791,9029.55,2000,5483.125,9008.771,2000,5717.001,9302.193,2000,5501.087,9162.893,2000,5522.134,9071.183,2000,5590.965,9250.557,2000,5689.625
9230.125,2000,5589.673,9257.634,2000,5412.27,9154.032,2000,5417.114,9115.792,2000,5743.801,9029.494,2000,5483.239,9007.521,2000,5718.759,9300.926,2000,5502.833,9162.232,2000,5524.186,9070.471,2000,5592.98,9248.47,2000,5690.169
9229.56,2000,5590.413,9256.981,2000,5412.934,9153.672,2000,5417.971,9115.427,2000,5744.656,9029.472,2000,5483.288,9007.008,2000,5719.534,9300.354,2000,5503.567,9161.919,2000,5525.061,9070.158,2000,5593.848,9247.569,2000,5690.404
9228.786,2000,5591.495,9256.081,2000,5413.912,9153.153,2000,5419.195,9114.864,2000,5745.862,9029.442,2000,5483.359,9006.31,2000,5720.667,9299.504,2000,5504.59,9161.43,2000,5526.297,9069.704,2000,5595.087,9246.282,2000,5690.74
9227.983,2000,5592.701,9255.135,2000,5415.01,9152.585,2000,5420.527,9114.209,2000,5747.154,9029.413,2000,5483.438,9005.59,2000,5721.924,9298.542,2000,5505.673,9160.854,2000,5527.625,9069.2,2000,5596.435,9244.881,2000,5691.106
9227.206,2000,5593.956,9254.208,2000,5416.159,9152.002,2000,5421.882,9113.499,2000,5748.448,9029.386,2000,5483.519,9004.899,2000,5723.228,9297.526,2000,5506.744,9160.223,2000,5528.958,9068.679,2000,5597.805,9243.466,2000,5691.526
9226.457,2000,5595.259,9253.304,2000,5417.359,9151.404,2000,5423.261,9112.733,2000,5749.742,9029.36,2000,5483.601,9004.239,2000,5724.579,9296.457,2000,5507.8,9159.536,2000,5530.294,9068.138,2000,5599.197,9242.039,2000,5692.001
9225.731,2000,5596.622,9252.39,2000,5418.604,9150.783,2000,5424.674,9111.903,2000,5751.044,9029.338,2000,5483.686,9003.607,2000,5725.988,9295.323,2000,5508.849,9158.786,2000,5531.643,9067.565,2000,5600.623,9240.59,2000,5692.537
9224.532,2000,5599.065,9250.708,2000,5420.743,9149.683,2000,5427.162,9110.367,2000,5753.291,9029.303,2000,5483.836,9002.575,2000,5728.506,9293.387,2000,5510.761,9157.388,2000,5533.975,9066.544,2000,5603.13,9238.069,2000,5693.563
9224.04,2000,5600.156,9249.938,2000,5421.659,9149.197,2000,5428.255,9109.659,2000,5754.256,9029.29,2000,5483.902,9002.157,2000,5729.628,9292.563,2000,5511.629,9156.739,2000,5534.98,9066.091,2000,5604.232,9236.976,2000,5694.051
9223.739,2000,5600.887,9249.409,2000,5422.247,9148.874,2000,5428.976,9109.171,2000,5754.877,9029.283,2000,5483.946,9001.906,2000,5730.377,9292.038,2000,5512.22,9156.29,2000,5535.63,9065.785,2000,5604.958,9236.265,2000,5694.396
9222.973,2000,5602.934,9247.896,2000,5423.825,9147.974,2000,5430.967,9107.766,2000,5756.552,9029.268,2000,5484.067,9001.279,2000,5732.472,9290.641,2000,5513.901,9154.988,2000,5537.384,9064.927,2000,5606.958,9234.33,2000,5695.415
9222.496,2000,5604.346,9246.829,2000,5424.866,9147.357,2000,5432.322,9106.771,2000,5757.662,9029.259,2000,5484.15,9000.899,2000,5733.913,9289.726,2000,5515.078,9154.063,2000,5538.55,9064.335,2000,5608.32,9233.035,2000,5696.152
9222.189,2000,5605.364,9246.044,2000,5425.584,9146.886,2000,5433.275,9106.035,2000,5758.43,9029.252,2000,5484.208,9000.662,2000,5734.95,9289.101,2000,5515.938,9153.375,2000,5539.36,9063.907,2000,5609.291,9232.129,2000,5696.708
9221.871,2000,5606.56,9245.159,2000,5426.448,9146.302,2000,5434.364,9105.151,2000,5759.295,9029.244,2000,5484.276,9000.425,2000,5736.164,9288.342,2000,5516.915,9152.545,2000,5540.276,9063.401,2000,5610.415,9231.097,2000,5697.39
9221.439,2000,5608.424,9243.835,2000,5427.829,9145.344,2000,5436.019,9103.74,2000,5760.587,9029.231,2000,5484.381,9000.092,2000,5738.048,9287.118,2000,5518.386,9151.215,2000,5541.649,9062.612,2000,5612.152,9229.535,2000,5698.495
9221.269,2000,5609.29,9243.245,2000,5428.485,9144.877,2000,5436.766,9103.07,2000,5761.162,9029.226,2000,5484.429,8999.91,2000,5738.912,9286.532,2000,5519.046,9150.581,2000,5542.262,9062.24,2000,5612.95,9228.832,2000,5699.027
9220.898,2000,5611.555,9241.769,2000,5430.242,9143.601,2000,5438.67,9101.28,2000,5762.598,9029.21,2000,5484.553,8999.364,2000,5741.141,9284.953,2000,5520.711,9148.882,2000,5543.801,9061.265,2000,5615.021,9227.049,2000,5700.473
9220.767,2000,5612.571,9241.135,2000,5431.048,9143.003,2000,5439.501,9100.46,2000,5763.213,9029.203,2000,5484.608,8999.088,2000,5742.127,9284.224,2000,5521.431,9148.101,2000,5544.463,9060.826,2000,5615.945,9226.274,2000,5701.144
9220.689,2000,5613.363,9240.663,2000,5431.689,9142.519,2000,5440.131,9099.808,2000,5763.669,9029.197,2000,5484.651,8998.849,2000,5742.886,9283.64,2000,5521.972,9147.478,2000,5544.957,9060.481,2000,5616.661,9225.69,2000,5701.684
9220.527,2000,5614.612,9239.885,2000,5432.68,9141.72,2000,5441.103,9098.753,2000,5764.358,9029.188,2000,5484.718,8998.431,2000,5744.074,9282.743,2000,5522.857,9146.518,2000,5545.771,9059.929,2000,5617.791,9224.795,2000,5702.569
9220.271,2000,5616.179,9238.863,2000,5433.895,9140.673,2000,5442.293,9097.396,2000,5765.182,9029.175,2000,5484.803,8997.854,2000,5745.554,9281.65,2000,5524.009,9145.342,2000,5546.835,9059.219,2000,5619.208,9223.702,2000,5703.722
9219.85,2000,5618.32,9237.405,2000,5435.519,9139.182,2000,5443.881,9095.494,2000,5766.252,9029.157,2000,5484.918,8996.997,2000,5747.561,9280.201,2000,5525.64,9143.775,2000,5548.35,9058.236,2000,5621.153,9222.254,2000,5705.354
9219.654,2000,5619.164,9236.806,2000,5436.144,9138.57,2000,5444.491,9094.726,2000,5766.652,9029.15,2000,5484.964,8996.631,2000,5748.346,9279.647,2000,5526.306,9143.174,2000,5548.971,9057.842,2000,5621.922,9221.7,2000,5706.02
9219.246,2000,5620.697,9235.671,2000,5437.252,9137.414,2000,5445.572,9093.343,2000,5767.43,9029.137,2000,5485.047,8995.913,2000,5749.761,9278.674,2000,5527.559,9142.109,2000,5550.145,9057.11,2000,5623.328,9220.727,2000,5707.272
9218.818,2000,5622.114,9234.646,2000,5438.32,9136.303,2000,5446.543,9092.077,2000,5768.198,9029.124,2000,5485.125,8995.201,2000,5751.058,9277.728,2000,5528.697,9141.153,2000,5551.271,9056.419,2000,5624.634,9219.857,2000,5708.471
9218.294,2000,5623.669,9233.55,2000,5439.541,9135.037,2000,5447.58,9090.703,2000,5769.095,9029.109,2000,5485.21,8994.365,2000,5752.47,9276.638,2000,5529.924,9140.135,2000,5552.554,9055.642,2000,5626.077,9218.938,2000,5709.83
9217.644,2000,5625.406,9232.356,2000,5440.961,9133.569,2000,5448.703,9089.184,2000,5770.159,9029.093,2000,5485.306,8993.368,2000,5754.034,9275.361,2000,5531.27,9139.018,2000,5554.032,9054.756,2000,5627.706,9217.948,2000,5711.399
9217.27,2000,5626.313,9231.75,2000,5441.732,9132.774,2000,5449.271,9088.398,2000,5770.748,9029.084,2000,5485.356,8992.813,2000,5754.844,9274.663,2000,5531.959,9138.424,2000,5554.811,9054.282,2000,5628.563,9217.452,2000,5712.246
9216.596,2000,5627.807,9230.695,2000,5442.987,9131.417,2000,5450.176,9087.12,2000,5771.773,9029.068,2000,5485.44,8991.844,2000,5756.165,9273.535,2000,5533.148,9137.429,2000,5556.109,9053.481,2000,5629.991,9216.671,2000,5713.687
9215.864,2000,5629.297,9229.586,2000,5444.222,9130.014,2000,5451.046,9085.86,2000,5772.854,9029.053,2000,5485.525,8990.818,2000,5757.47,9272.433,2000,5534.389,9136.417,2000,5557.421,9052.66,2000,5631.432,9215.928,2000,5715.171
9215.073,2000,5630.782,9228.421,2000,5445.436,9128.563,2000,5451.881,9084.62,2000,5773.991,9029.036,2000,5485.611,8989.736,2000,5758.759,9271.357,2000,5535.683,9135.385,2000,5558.747,9051.814,2000,5632.885,9215.225,2000,5716.699
9213.904,2000,5632.814,9226.744,2000,5447.074,9126.584,2000,5453.108,9082.944,2000,5775.63,9029.013,2000,5485.729,8988.171,2000,5760.504,9269.919,2000,5537.534,9133.936,2000,5560.584,9050.611,2000,5634.896,9214.314,2000,5718.86
9212.243,2000,5635.495,9224.562,2000,5449.35,9123.979,2000,5454.843,9080.764,2000,5777.908,9028.98,2000,5485.887,8985.989,2000,5762.781,9267.903,2000,5539.958,9131.983,2000,5563.053,9048.984,2000,5637.595,9213.187,2000,5721.804
9211.823,2000,5636.126,9224.055,2000,5449.914,9123.368,2000,5455.28,9080.258,2000,5778.473,9028.972,2000,5485.925,8985.447,2000,5763.312,9267.399,2000,5540.525,9131.513,2000,5563.646,9048.591,2000,5638.243,9212.938,2000,5722.521
9211.385,2000,5636.741,9223.569,2000,5450.491,9122.775,2000,5455.734,9079.772,2000,5779.051,9028.962,2000,5485.962,8984.891,2000,5763.821,9266.88,2000,5541.073,9131.044,2000,5564.235,9048.198,2000,5638.887,9212.715,2000,5723.242
9211.086,2000,5637.132,9223.261,2000,5450.875,9122.398,2000,5456.042,9079.469,2000,5779.438,9028.954,2000,5485.986,8984.517,2000,5764.142,9266.529,2000,5541.419,9130.736,2000,5564.619,9047.938,2000,5639.305,9212.585,2000,5723.717
9209.744,2000,5638.773,9221.927,2000,5452.522,9120.821,2000,5457.422,9078.215,2000,5781.148,9028.919,2000,5486.087,8982.863,2000,5765.468,9264.973,2000,5542.859,9129.407,2000,5566.266,9046.808,2000,5641.097,9212.091,2000,5725.778
9208.482,2000,5640.217,9220.718,2000,5454.012,9119.438,2000,5458.714,9077.132,2000,5782.731,9028.885,2000,5486.178,8981.329,2000,5766.619,9263.522,2000,5544.114,9128.201,2000,5567.752,9045.777,2000,5642.714,9211.705,2000,5727.657
9207.67,2000,5641.087,9219.938,2000,5454.911,9118.608,2000,5459.542,9076.492,2000,5783.735,9028.861,2000,5486.233,8980.354,2000,5767.301,9262.648,2000,5544.923,9127.452,2000,5568.675,9045.136,2000,5643.717,9211.504,2000,5728.831
9207.439,2000,5641.319,9219.716,2000,5455.15,9118.389,2000,5459.776,9076.326,2000,5784.016,9028.854,2000,5486.248,8980.08,2000,5767.479,9262.416,2000,5545.152,9127.246,2000,5568.927,9044.958,2000,5643.99,9211.459,2000,5729.154
9205.915,2000,5642.751,9218.245,2000,5456.637,9117.031,2000,5461.32,9075.32,2000,5785.85,9028.808,2000,5486.341,8978.292,2000,5768.564,9260.977,2000,5546.669,9125.921,2000,5570.54,9043.811,2000,5645.738,9211.241,2000,5731.234
9205.064,2000,5643.5,9217.422,2000,5457.416,9116.325,2000,5462.178,9074.808,2000,5786.86,9028.781,2000,5486.391,8977.305,2000,5769.12,9260.224,2000,5547.517,9125.201,2000,5571.412,9043.186,2000,5646.683,9211.16,2000,5732.365
9204.445,2000,5644.009,9216.821,2000,5457.948,9115.847,2000,5462.801,9074.469,2000,5787.587,9028.761,2000,5486.425,8976.593,2000,5769.49,9259.711,2000,5548.133,9124.69,2000,5572.028,9042.739,2000,5647.35,9211.129,2000,5733.167
9203.244,2000,5644.934,9215.654,2000,5458.917,9114.981,2000,5464.005,9073.873,2000,5788.982,9028.721,2000,5486.488,8975.226,2000,5770.145,9258.78,2000,5549.331,9123.723,2000,5573.191,9041.893,2000,5648.607,9211.12,2000,5734.683
9202.634,2000,5645.373,9215.092,2000,5459.416,9114.573,2000,5464.614,9073.556,2000,5789.664,9028.7,2000,5486.519,8974.537,2000,5770.448,9258.3,2000,5549.909,9123.241,2000,5573.767,9041.47,2000,5649.229,9211.141,2000,5735.435
9201.511,2000,5646.126,9214.11,2000,5460.345,9113.876,2000,5465.732,9072.944,2000,5790.87,9028.661,2000,5486.573,8973.282,2000,5770.951,9257.402,2000,5550.919,9122.375,2000,5574.801,9040.707,2000,5650.345,9211.221,2000,5736.784
9201.197,2000,5646.321,9213.851,2000,5460.607,9113.696,2000,5466.042,9072.767,2000,5791.193,9028.65,2000,5486.587,8972.936,2000,5771.077,9257.148,2000,5551.188,9122.138,2000,5575.083,9040.497,2000,5650.648,9211.255,2000,5737.152
9199.969,2000,5647.033,9212.886,2000,5461.649,9113.044,2000,5467.258,9072.043,2000,5792.415,9028.605,2000,5486.641,8971.586,2000,5771.519,9256.138,2000,5552.185,9121.223,2000,5576.165,9039.685,2000,5651.812,9211.411,2000,5738.563
9198.764,2000,5647.68,9211.989,2000,5462.682,9112.38,2000,5468.406,9071.309,2000,5793.568,9028.562,2000,5486.691,8970.272,2000,5771.901,9255.134,2000,5553.114,9120.34,2000,5577.206,9038.898,2000,5652.931,9211.581,2000,5739.92
9198.198,2000,5647.96,9211.592,2000,5463.172,9112.057,2000,5468.924,9070.952,2000,5794.089,9028.54,2000,5486.713,8969.661,2000,5772.058,9254.656,2000,5553.527,9119.932,2000,5577.685,9038.534,2000,5653.446,9211.668,2000,5740.545
9197.409,2000,5648.319,9211.067,2000,5463.863,9111.591,2000,5469.62,9070.439,2000,5794.789,9028.51,2000,5486.743,8968.814,2000,5772.245,9253.982,2000,5554.073,9119.37,2000,5578.343,9038.031,2000,5654.153,9211.793,2000,5741.403
9196.584,2000,5648.663,9210.504,2000,5464.558,9111.088,2000,5470.32,9069.888,2000,5795.492,9028.478,2000,5486.773,8967.936,2000,5772.41,9253.307,2000,5554.658,9118.79,2000,5579.021,9037.511,2000,5654.88,9211.93,2000,5742.287
9195.936,2000,5648.908,9210.05,2000,5465.082,9110.681,2000,5470.849,9069.442,2000,5796.023,9028.452,2000,5486.795,8967.25,2000,5772.515,9252.798,2000,5555.129,9118.339,2000,5579.545,9037.104,2000,5655.442,9212.042,2000,5742.971
9194.715,2000,5649.325,9209.174,2000,5466.027,9109.894,2000,5471.805,9068.582,2000,5796.983,9028.403,2000,5486.834,8965.97,2000,5772.669,9251.88,2000,5556.035,9117.499,2000,5580.521,9036.347,2000,5656.485,9212.26,2000,5744.242
9194.193,2000,5649.484,9208.791,2000,5466.415,9109.549,2000,5472.197,9068.205,2000,5797.376,9028.382,2000,5486.851,8965.427,2000,5772.716,9251.505,2000,5556.431,9117.144,2000,5580.932,9036.025,2000,5656.925,9212.358,2000,5744.777
9193.354,2000,5649.71,9208.159,2000,5467.013,9108.979,2000,5472.804,9067.583,2000,5797.985,9028.348,2000,5486.875,8964.558,2000,5772.764,9250.927,2000,5557.081,9116.574,2000,5581.587,9035.509,2000,5657.625,9212.521,2000,5745.632
9192.205,2000,5649.98,9207.276,2000,5467.795,9108.183,2000,5473.598,9066.714,2000,5798.782,9028.3,2000,5486.906,8963.379,2000,5772.789,9250.173,2000,5557.988,9115.801,2000,5582.475,9034.806,2000,5658.572,9212.753,2000,5746.789
9191.177,2000,5650.187,9206.469,2000,5468.465,9107.454,2000,5474.279,9065.918,2000,5799.465,9028.257,2000,5486.933,8962.33,2000,5772.806,9249.529,2000,5558.816,9115.112,2000,5583.263,9034.179,2000,5659.413,9212.971,2000,5747.815
9190.772,2000,5650.282,9206.157,2000,5468.741,9107.158,2000,5474.538,9065.594,2000,5799.725,9028.239,2000,5486.942,8961.914,2000,5772.815,9249.264,2000,5559.136,9114.839,2000,5583.576,9033.93,2000,5659.746,9213.044,2000,5748.225
9190.409,2000,5650.38,9205.884,2000,5469,9106.883,2000,5474.764,9065.293,2000,5799.951,9028.224,2000,5486.951,8961.538,2000,5772.826,9249.014,2000,5559.417,9114.592,2000,5583.858,9033.704,2000,5660.047,9213.098,2000,5748.597
9190.183,2000,5650.449,9205.717,2000,5469.168,9106.705,2000,5474.899,9065.099,2000,5800.087,9028.214,2000,5486.956,8961.302,2000,5772.837,9248.851,2000,5559.589,9114.436,2000,5584.036,9033.562,2000,5660.236,9213.124,2000,5748.833
9189.316,2000,5650.745,9205.095,2000,5469.839,9106.003,2000,5475.401,9064.332,2000,5800.587,9028.174,2000,5486.974,8960.389,2000,5772.895,9248.199,2000,5560.232,9113.832,2000,5584.722,9033.008,2000,5660.965,9213.195,2000,5749.745
9188.497,2000,5651.055,9204.521,2000,5470.501,9105.317,2000,5475.858,9063.583,2000,5801.042,9028.135,2000,5486.99,8959.515,2000,5772.953,9247.556,2000,5560.827,9113.254,2000,5585.377,9032.478,2000,5661.662,9213.235,2000,5750.62
9188.305,2000,5651.135,9204.39,2000,5470.663,9105.151,2000,5475.96,9063.401,2000,5801.144,9028.125,2000,5486.993,8959.307,2000,5772.97,9247.398,2000,5560.963,9113.111,2000,5585.529,9032.351,2000,5661.828,9213.238,2000,5750.828
9187.471,2000,5651.514,9203.836,2000,5471.393,9104.408,2000,5476.388,9062.589,2000,5801.567,9028.083,2000,5487.007,8958.394,2000,5773.051,9246.687,2000,5561.54,9112.463,2000,5586.174,9031.792,2000,5662.554,9213.22,2000,5751.744
9187.092,2000,5651.702,9203.569,2000,5471.721,9104.061,2000,5476.573,9062.208,2000,5801.75,9028.063,2000,5487.013,8957.973,2000,5773.093,9246.367,2000,5561.816,9112.154,2000,5586.461,9031.533,2000,5662.889,9213.197,2000,5752.167
9186.501,2000,5652.019,9203.13,2000,5472.228,9103.501,2000,5476.848,9061.594,2000,5802.02,9028.032,2000,5487.021,8957.306,2000,5773.166,9245.875,2000,5562.272,9111.65,2000,5586.901,9031.122,2000,5663.419,9213.14,2000,5752.835
9186.038,2000,5652.287,9202.767,2000,5472.62,9103.05,2000,5477.052,9061.098,2000,5802.219,9028.007,2000,5487.027,8956.774,2000,5773.227,9245.494,2000,5562.647,9111.237,2000,5587.239,9030.794,2000,5663.841,9213.076,2000,5753.366
9185.682,2000,5652.51,9202.471,2000,5472.918,9102.69,2000,5477.2,9060.702,2000,5802.363,9027.987,2000,5487.031,8956.357,2000,5773.278,9245.205,2000,5562.953,9110.903,2000,5587.494,9030.535,2000,5664.172,9213.013,2000,5753.782
9185.259,2000,5652.793,9202.102,2000,5473.268,9102.252,2000,5477.364,9060.219,2000,5802.521,9027.963,2000,5487.035,8955.854,2000,5773.345,9244.867,2000,5563.333,9110.49,2000,5587.789,9030.222,2000,5664.573,9212.92,2000,5754.282
9184.702,2000,5653.193,9201.589,2000,5473.723,9101.655,2000,5477.566,9059.561,2000,5802.713,9027.931,2000,5487.039,8955.174,2000,5773.438,9244.429,2000,5563.86,9109.92,2000,5588.167,9029.798,2000,5665.112,9212.772,2000,5754.952
9184.453,2000,5653.385,9201.348,2000,5473.923,9101.387,2000,5477.667,9059.256,2000,5802.791,9027.916,2000,5487.041,8954.863,2000,5773.482,9244.236,2000,5564.108,9109.653,2000,5588.333,9029.604,2000,5665.358,9212.695,2000,5755.256
9184.251,2000,5653.551,9201.142,2000,5474.083,9101.166,2000,5477.757,9059.001,2000,5802.848,9027.903,2000,5487.042,8954.604,2000,5773.521,9244.083,2000,5564.32,9109.427,2000,5588.462,9029.441,2000,5665.563,9212.623,2000,5755.507
9183.655,2000,5654.075,9200.499,2000,5474.549,9100.507,2000,5478.055,9058.221,2000,5802.994,9027.866,2000,5487.047,8953.82,2000,5773.644,9243.638,2000,5564.977,9108.728,2000,5588.834,9028.948,2000,5666.185,9212.378,2000,5756.261
9183.383,2000,5654.331,9200.204,2000,5474.778,9100.203,2000,5478.204,9057.852,2000,5803.051,9027.849,2000,5487.049,8953.451,2000,5773.703,9243.418,2000,5565.279,9108.393,2000,5588.998,9028.716,2000,5666.477,9212.251,2000,5756.613
9183.165,2000,5654.549,9199.967,2000,5474.975,9099.957,2000,5478.335,9057.545,2000,5803.088,9027.834,2000,5487.051,8953.146,2000,5773.753,9243.229,2000,5565.523,9108.112,2000,5589.125,9028.523,2000,5666.718,9212.137,2000,5756.899
9182.887,2000,5654.848,9199.661,2000,5475.246,9099.638,2000,5478.519,9057.139,2000,5803.124,9027.814,2000,5487.054,8952.744,2000,5773.823,9242.968,2000,5565.837,9107.735,2000,5589.279,9028.269,2000,5667.037,9211.973,2000,5757.273
9182.549,2000,5655.234,9199.288,2000,5475.598,9099.245,2000,5478.762,9056.626,2000,5803.151,9027.79,2000,5487.057,8952.238,2000,5773.911,9242.627,2000,5566.221,9107.256,2000,5589.458,9027.947,2000,5667.437,9211.752,2000,5757.736
9182.414,2000,5655.398,9199.139,2000,5475.75,9099.086,2000,5478.868,9056.413,2000,5803.156,9027.78,2000,5487.058,8952.029,2000,5773.949,9242.48,2000,5566.375,9107.055,2000,5589.526,9027.813,2000,5667.602,9211.654,2000,5757.925
9182.056,2000,5655.808,9198.769,2000,5476.148,9098.689,2000,5479.151,9055.869,2000,5803.15,9027.755,2000,5487.061,8951.494,2000,5774.047,9242.094,2000,5566.757,9106.546,2000,5589.716,9027.472,2000,5668.025,9211.389,2000,5758.399
9181.892,2000,5655.984,9198.611,2000,5476.33,9098.52,2000,5479.282,9055.629,2000,5803.14,9027.743,2000,5487.062,8951.258,2000,5774.092,9241.917,2000,5566.92,9106.324,2000,5589.808,9027.32,2000,5668.212,9211.265,2000,5758.605
9181.646,2000,5656.23,9198.384,2000,5476.593,9098.28,2000,5479.478,9055.282,2000,5803.113,9027.727,2000,5487.064,8950.916,2000,5774.157,9241.654,2000,5567.148,9106.008,2000,5589.95,9027.102,2000,5668.482,9211.075,2000,5758.897
9181.399,2000,5656.462,9198.162,2000,5476.85,9098.054,2000,5479.676,9054.945,2000,5803.077,9027.711,2000,5487.066,8950.584,2000,5774.222,9241.392,2000,5567.361,9105.704,2000,5590.099,9026.888,2000,5668.745,9210.882,2000,5759.175
9181.152,2000,5656.679,9197.947,2000,5477.098,9097.841,2000,5479.875,9054.62,2000,5803.03,9027.695,2000,5487.067,8950.262,2000,5774.286,9241.13,2000,5567.559,9105.415,2000,5590.252,9026.68,2000,5669,9210.686,2000,5759.438
9180.908,2000,5656.88,9197.74,2000,5477.337,9097.643,2000,5480.073,9054.309,2000,5802.975,9027.681,2000,5487.069,8949.951,2000,5774.348,9240.871,2000,5567.742,9105.142,2000,5590.41,9026.479,2000,5669.245,9210.488,2000,5759.685
9180.665,2000,5657.067,9197.539,2000,5477.569,9097.457,2000,5480.27,9054.008,2000,5802.912,9027.666,2000,5487.07,8949.65,2000,5774.41,9240.618,2000,5567.916,9104.881,2000,5590.571,9026.285,2000,5669.482,9210.289,2000,5759.918
9180.375,2000,5657.275,9197.306,2000,5477.839,9097.25,2000,5480.506,9053.66,2000,5802.833,9027.649,2000,5487.072,8949.301,2000,5774.482,9240.325,2000,5568.119,9104.584,2000,5590.768,9026.059,2000,5669.758,9210.049,2000,5760.182
9180.138,2000,5657.435,9197.119,2000,5478.055,9097.091,2000,5480.7,9053.382,2000,5802.771,9027.636,2000,5487.073,8949.021,2000,5774.541,9240.09,2000,5568.281,9104.352,2000,5590.933,9025.877,2000,5669.979,9209.85,2000,5760.387
9179.947,2000,5657.553,9196.967,2000,5478.219,9096.971,2000,5480.856,9053.163,2000,5802.722,9027.625,2000,5487.074,8948.802,2000,5774.587,9239.909,2000,5568.415,9104.174,2000,5591.069,9025.734,2000,5670.152,9209.688,2000,5760.542
9179.644,2000,5657.729,9196.72,2000,5478.469,9096.791,2000,5481.105,9052.82,2000,5802.646,9027.608,2000,5487.076,8948.458,2000,5774.662,9239.634,2000,5568.633,9103.902,2000,5591.291,9025.511,2000,5670.423,9209.427,2000,5760.777
9179.394,2000,5657.864,9196.514,2000,5478.665,9096.64,2000,5481.302,9052.543,2000,5802.584,9027.595,2000,5487.077,8948.181,2000,5774.722,9239.417,2000,5568.816,9103.688,2000,5591.477,9025.33,2000,5670.642,9209.209,2000,5760.96
9179.207,2000,5657.956,9196.357,2000,5478.803,9096.524,2000,5481.442,9052.34,2000,5802.54,9027.585,2000,5487.078,8947.978,2000,5774.767,9239.263,2000,5568.956,9103.536,2000,5591.619,9025.197,2000,5670.802,9209.045,2000,5761.089
9178.986,2000,5658.064,9196.168,2000,5478.96,9096.383,2000,5481.603,9052.1,2000,5802.487,9027.573,2000,5487.079,8947.737,2000,5774.821,9239.086,2000,5569.127,9103.362,2000,5591.792,9025.04,2000,5670.992,9208.847,2000,5761.235
9178.692,2000,5658.209,9195.909,2000,5479.161,9096.188,2000,5481.811,9051.779,2000,5802.417,9027.558,2000,5487.08,8947.417,2000,5774.893,9238.857,2000,5569.362,9103.138,2000,5592.03,9024.83,2000,5671.244,9208.576,2000,5761.421
9178.506,2000,5658.301,9195.74,2000,5479.284,9096.06,2000,5481.938,9051.576,2000,5802.373,9027.548,2000,5487.081,8947.214,2000,5774.938,9238.718,2000,5569.517,9102.999,2000,5592.185,9024.697,2000,5671.404,9208.4,2000,5761.533
9178.319,2000,5658.393,9195.567,2000,5479.4,9095.928,2000,5482.062,9051.372,2000,5802.329,9027.538,2000,5487.082,8947.011,2000,5774.985,9238.583,2000,5569.675,9102.86,2000,5592.339,9024.563,2000,5671.564,9208.222,2000,5761.64
9178.021,2000,5658.54,9195.286,2000,5479.577,9095.712,2000,5482.25,9051.048,2000,5802.259,9027.522,2000,5487.083,8946.688,2000,5775.059,9238.377,2000,5569.935,9102.639,2000,5592.585,9024.351,2000,5671.819,9207.931,2000,5761.8
9177.835,2000,5658.631,9195.113,2000,5479.694,9095.573,2000,5482.364,9050.844,2000,5802.215,9027.513,2000,5487.083,8946.484,2000,5775.106,9238.242,2000,5570.094,9102.499,2000,5592.739,9024.217,2000,5671.979,9207.745,2000,5761.895
9177.624,2000,5658.735,9194.923,2000,5479.832,9095.412,2000,5482.487,9050.613,2000,5802.166,9027.502,2000,5487.084,8946.255,2000,5775.159,9238.084,2000,5570.268,9102.342,2000,5592.914,9024.065,2000,5672.16,9207.532,2000,5761.995
9177.44,2000,5658.833,9194.759,2000,5479.96,9095.267,2000,5482.591,9050.409,2000,5802.122,9027.492,2000,5487.085,8946.052,2000,5775.207,9237.939,2000,5570.417,9102.197,2000,5593.064,9023.932,2000,5672.319,9207.341,2000,5762.077
9177.26,2000,5658.938,9194.599,2000,5480.093,9095.118,2000,5482.69,9050.205,2000,5802.079,9027.482,2000,5487.085,8945.849,2000,5775.254,9237.79,2000,5570.562,9102.048,2000,5593.209,9023.798,2000,5672.479,9207.146,2000,5762.152
9177.083,2000,5659.047,9194.442,2000,5480.231,9094.967,2000,5482.784,9050.001,2000,5802.036,9027.473,2000,5487.086,8945.646,2000,5775.303,9237.636,2000,5570.702,9101.895,2000,5593.349,9023.664,2000,5672.639,9206.95,2000,5762.222
9176.801,2000,5659.235,9194.196,2000,5480.464,9094.716,2000,5482.928,9049.67,2000,5801.966,9027.457,2000,5487.087,8945.317,2000,5775.382,9237.377,2000,5570.92,9101.638,2000,5593.568,9023.446,2000,5672.898,9206.627,2000,5762.324
9176.631,2000,5659.356,9194.05,2000,5480.612,9094.56,2000,5483.012,9049.466,2000,5801.923,9027.447,2000,5487.087,8945.115,2000,5775.431,9237.214,2000,5571.05,9101.476,2000,5593.698,9023.313,2000,5673.057,9206.427,2000,5762.381
9176.466,2000,5659.483,9193.908,2000,5480.765,9094.4,2000,5483.09,9049.262,2000,5801.88,9027.438,2000,5487.088,8944.913,2000,5775.48,9237.047,2000,5571.174,9101.309,2000,5593.823,9023.178,2000,5673.216,9206.225,2000,5762.431
9176.11,2000,5659.774,9193.607,2000,5481.113,9094.045,2000,5483.25,9048.812,2000,5801.787,9027.416,2000,5487.089,8944.467,2000,5775.59,9236.669,2000,5571.435,9100.932,2000,5594.085,9022.881,2000,5673.567,9205.774,2000,5762.526
9175.921,2000,5659.939,9193.449,2000,5481.308,9093.849,2000,5483.332,9048.565,2000,5801.736,9027.404,2000,5487.09,8944.223,2000,5775.65,9236.461,2000,5571.577,9100.721,2000,5594.222,9022.718,2000,5673.759,9205.526,2000,5762.57
9175.729,2000,5660.118,9193.278,2000,5481.506,9093.643,2000,5483.409,9048.31,2000,5801.684,9027.392,2000,5487.09,8943.969,2000,5775.714,9236.25,2000,5571.731,9100.497,2000,5594.356,9022.549,2000,5673.958,9205.268,2000,5762.608
9175.417,2000,5660.43,9192.979,2000,5481.83,9093.291,2000,5483.527,9047.877,2000,5801.597,9027.371,2000,5487.091,8943.541,2000,5775.823,9235.902,2000,5572.004,9100.112,2000,5594.572,9022.262,2000,5674.294,9204.829,2000,5762.657
9174.984,2000,5660.834,9192.562,2000,5482.251,9092.817,2000,5483.67,9047.296,2000,5801.48,9027.343,2000,5487.093,8942.968,2000,5775.971,9235.448,2000,5572.385,9099.606,2000,5594.877,9021.876,2000,5674.744,9204.238,2000,5762.703
9174.497,2000,5661.26,9192.092,2000,5482.696,9092.299,2000,5483.809,9046.661,2000,5801.355,9027.313,2000,5487.094,8942.342,2000,5776.136,9234.967,2000,5572.816,9099.065,2000,5595.228,9021.454,2000,5675.234,9203.593,2000,5762.741
9173.975,2000,5661.688,9191.587,2000,5483.144,9091.757,2000,5483.934,9045.999,2000,5801.226,9027.28,2000,5487.096,8941.689,2000,5776.308,9234.479,2000,5573.283,9098.513,2000,5595.613,9021.014,2000,5675.745,9202.919,2000,5762.781
9173.81,2000,5661.814,9191.427,2000,5483.277,9091.59,2000,5483.967,9045.794,2000,5801.186,9027.271,2000,5487.096,8941.488,2000,5776.362,9234.333,2000,5573.432,9098.346,2000,5595.737,9020.877,2000,5675.902,9202.711,2000,5762.794
9172.935,2000,5662.44,9190.577,2000,5483.938,9090.725,2000,5484.109,9044.736,2000,5800.986,9027.22,2000,5487.099,8940.45,2000,5776.646,9233.605,2000,5574.225,9097.507,2000,5596.407,9020.169,2000,5676.713,9201.637,2000,5762.859
9172.301,2000,5662.862,9189.992,2000,5484.424,9090.117,2000,5484.188,9043.988,2000,5800.845,9027.184,2000,5487.1,8939.717,2000,5776.849,9233.073,2000,5574.769,9096.929,2000,5596.9,9019.668,2000,5677.286,9200.877,2000,5762.906
9172.072,2000,5663.003,9189.791,2000,5484.602,9089.904,2000,5484.208,9043.725,2000,5800.797,9027.171,2000,5487.101,8939.458,2000,5776.921,9232.879,2000,5574.954,9096.73,2000,5597.081,9019.49,2000,5677.487,9200.609,2000,5762.922
9170.937,2000,5663.657,9188.84,2000,5485.503,9088.866,2000,5484.275,9042.435,2000,5800.564,9027.109,2000,5487.104,8938.197,2000,5777.28,9231.902,2000,5575.828,9095.793,2000,5597.993,9018.621,2000,5678.467,9199.302,2000,5763.004
9170.37,2000,5664.008,9188.372,2000,5485.977,9088.347,2000,5484.292,9041.778,2000,5800.449,9027.078,2000,5487.105,8937.558,2000,5777.464,9231.392,2000,5576.256,9095.302,2000,5598.44,9018.178,2000,5678.964,9198.637,2000,5763.047
9169.584,2000,5664.532,9187.73,2000,5486.67,9087.617,2000,5484.291,9040.848,2000,5800.288,9027.034,2000,5487.107,8936.651,2000,5777.729,9230.648,2000,5576.838,9094.585,2000,5599.052,9017.547,2000,5679.667,9197.694,2000,5763.108
9168.782,2000,5665.104,9187.038,2000,5487.371,9086.866,2000,5484.265,9039.876,2000,5800.124,9026.988,2000,5487.109,8935.706,2000,5778.008,9229.894,2000,5577.472,9093.816,2000,5599.666,9016.886,2000,5680.398,9196.711,2000,5763.172
9167.955,2000,5665.738,9186.282,2000,5488.087,9086.085,2000,5484.213,9038.848,2000,5799.957,9026.939,2000,5487.111,8934.708,2000,5778.308,9229.117,2000,5578.167,9092.983,2000,5600.287,9016.183,2000,5681.167,9195.672,2000,5763.242
9166.589,2000,5666.856,9184.962,2000,5489.259,9084.784,2000,5484.083,9037.104,2000,5799.675,9026.856,2000,5487.115,8933.018,2000,5778.817,9227.841,2000,5579.387,9091.537,2000,5601.294,9014.989,2000,5682.468,9193.91,2000,5763.359
9166.378,2000,5667.041,9184.746,2000,5489.438,9084.584,2000,5484.056,9036.827,2000,5799.632,9026.844,2000,5487.116,8932.749,2000,5778.899,9227.645,2000,5579.587,9091.302,2000,5601.446,9014.799,2000,5682.674,9193.63,2000,5763.378
9165.113,2000,5668.222,9183.38,2000,5490.5,9083.359,2000,5483.853,9035.116,2000,5799.376,9026.763,2000,5487.12,8931.096,2000,5779.41,9226.475,2000,5580.863,9089.823,2000,5602.338,9013.616,2000,5683.938,9191.903,2000,5763.499
9164.064,2000,5669.139,9182.309,2000,5491.389,9082.406,2000,5483.662,9033.738,2000,5799.171,9026.697,2000,5487.124,8929.765,2000,5779.821,9225.5,2000,5581.858,9088.657,2000,5603.095,9012.664,2000,5684.954,9190.518,2000,5763.642
9163.868,2000,5669.3,9182.119,2000,5491.558,9082.237,2000,5483.622,9033.487,2000,5799.134,9026.686,2000,5487.125,8929.522,2000,5779.897,9225.316,2000,5582.033,9088.449,2000,5603.239,9012.49,2000,5685.138,9190.267,2000,5763.676
9163.093,2000,5669.893,9181.411,2000,5492.229,9081.597,2000,5483.45,9032.521,2000,5799,9026.64,2000,5487.128,8928.592,2000,5780.19,9224.59,2000,5582.685,9087.669,2000,5603.822,9011.817,2000,5685.845,9189.305,2000,5763.839
9161.813,2000,5670.808,9180.306,2000,5493.348,9080.59,2000,5483.143,9030.962,2000,5798.783,9026.566,2000,5487.133,8927.092,2000,5780.663,9223.385,2000,5583.695,9086.442,2000,5604.801,9010.731,2000,5686.983,9187.763,2000,5764.152
9161.618,2000,5670.938,9180.146,2000,5493.52,9080.445,2000,5483.093,9030.729,2000,5798.752,9026.556,2000,5487.134,8926.869,2000,5780.733,9223.2,2000,5583.84,9086.265,2000,5604.953,9010.569,2000,5687.151,9187.535,2000,5764.207
9160.505,2000,5671.627,9179.268,2000,5494.49,9079.648,2000,5482.792,9029.432,2000,5798.581,9026.494,2000,5487.138,8925.621,2000,5781.13,9222.144,2000,5584.614,9085.299,2000,5605.833,9009.66,2000,5688.093,9186.271,2000,5764.551
9159.991,2000,5671.923,9178.855,2000,5494.916,9079.3,2000,5482.647,9028.844,2000,5798.505,9026.467,2000,5487.141,8925.056,2000,5781.311,9221.677,2000,5584.979,9084.849,2000,5606.218,9009.247,2000,5688.519,9185.705,2000,5764.725
9159.236,2000,5672.326,9178.241,2000,5495.511,9078.809,2000,5482.424,9027.995,2000,5798.398,9026.427,2000,5487.144,8924.241,2000,5781.572,9221.021,2000,5585.529,9084.182,2000,5606.75,9008.649,2000,5689.131,9184.896,2000,5765.003
9158.489,2000,5672.693,9177.625,2000,5496.07,9078.344,2000,5482.194,9027.169,2000,5798.298,9026.388,2000,5487.147,8923.449,2000,5781.827,9220.401,2000,5586.084,9083.516,2000,5607.247,9008.065,2000,5689.725,9184.119,2000,5765.3
9157.319,2000,5673.221,9176.647,2000,5496.9,9077.647,2000,5481.821,9025.895,2000,5798.145,9026.328,2000,5487.153,8922.228,2000,5782.221,9219.474,2000,5586.971,9082.465,2000,5607.979,9007.164,2000,5690.638,9182.936,2000,5765.796
9156.901,2000,5673.394,9176.294,2000,5497.181,9077.411,2000,5481.684,9025.446,2000,5798.092,9026.308,2000,5487.155,8921.798,2000,5782.36,9219.157,2000,5587.293,9082.087,2000,5608.225,9006.846,2000,5690.959,9182.524,2000,5765.984
9156.316,2000,5673.613,9175.792,2000,5497.554,9077.093,2000,5481.485,9024.825,2000,5798.021,9026.278,2000,5487.158,8921.203,2000,5782.552,9218.734,2000,5587.754,9081.553,2000,5608.547,9006.405,2000,5691.402,9181.965,2000,5766.263
9155.546,2000,5673.873,9175.124,2000,5498.017,9076.69,2000,5481.216,9024.018,2000,5797.93,9026.24,2000,5487.163,8920.43,2000,5782.803,9218.205,2000,5588.371,9080.845,2000,5608.943,9005.831,2000,5691.977,9181.249,2000,5766.649
9154.955,2000,5674.051,9174.629,2000,5498.384,9076.396,2000,5481.004,9023.404,2000,5797.863,9026.212,2000,5487.166,8919.843,2000,5782.994,9217.788,2000,5588.825,9080.298,2000,5609.226,9005.394,2000,5692.412,9180.716,2000,5766.959
9153.773,2000,5674.366,9173.672,2000,5499.145,9075.829,2000,5480.568,9022.188,2000,5797.732,9026.155,2000,5487.173,8918.68,2000,5783.373,9216.933,2000,5589.699,9079.196,2000,5609.75,9004.525,2000,5693.273,9179.68,2000,5767.609
9153.57,2000,5674.413,9173.513,2000,5499.279,9075.736,2000,5480.492,9021.981,2000,5797.71,9026.146,2000,5487.174,8918.481,2000,5783.438,9216.782,2000,5589.843,9079.006,2000,5609.833,9004.377,2000,5693.42,9179.507,2000,5767.726
9152.956,2000,5674.535,9173.049,2000,5499.7,9075.466,2000,5480.254,9021.358,2000,5797.646,9026.116,2000,5487.178,8917.887,2000,5783.632,9216.315,2000,5590.26,9078.426,2000,5610.065,9003.931,2000,5693.859,9178.999,2000,5768.093
9152.143,2000,5674.668,9172.457,2000,5500.273,9075.123,2000,5479.932,9020.538,2000,5797.563,9026.078,2000,5487.184,8917.104,2000,5783.888,9215.684,2000,5590.79,9077.652,2000,5610.344,9003.343,2000,5694.436,9178.348,2000,5768.597
9151.729,2000,5674.722,9172.168,2000,5500.572,9074.956,2000,5479.765,9020.124,2000,5797.522,9026.059,2000,5487.187,8916.708,2000,5784.018,9215.355,2000,5591.047,9077.257,2000,5610.473,9003.045,2000,5694.727,9178.026,2000,5768.863
9150.568,2000,5674.834,9171.385,2000,5501.437,9074.507,2000,5479.284,9018.963,2000,5797.408,9026.005,2000,5487.195,8915.6,2000,5784.381,9214.414,2000,5591.736,9076.138,2000,5610.795,9002.209,2000,5695.541,9177.152,2000,5769.636
9150.36,2000,5674.848,9171.25,2000,5501.596,9074.431,2000,5479.196,9018.756,2000,5797.388,9025.995,2000,5487.196,8915.401,2000,5784.446,9214.242,2000,5591.854,9075.937,2000,5610.847,9002.06,2000,5695.686,9177.001,2000,5769.779
9149.926,2000,5674.861,9170.958,2000,5501.918,9074.277,2000,5479.009,9018.323,2000,5797.348,9025.976,2000,5487.2,8914.988,2000,5784.582,9213.892,2000,5592.111,9075.513,2000,5610.939,9001.747,2000,5695.988,9176.695,2000,5770.087
9149.332,2000,5674.86,9170.545,2000,5502.345,9074.077,2000,5478.747,9017.731,2000,5797.293,9025.948,2000,5487.204,8914.424,2000,5784.767,9213.424,2000,5592.478,9074.93,2000,5611.047,9001.319,2000,5696.4,9176.291,2000,5770.523
9148.881,2000,5674.845,9170.221,2000,5502.659,9073.932,2000,5478.543,9017.281,2000,5797.253,9025.928,2000,5487.208,8913.995,2000,5784.908,9213.078,2000,5592.768,9074.484,2000,5611.115,9000.993,2000,5696.713,9175.995,2000,5770.864
9147.989,2000,5674.786,9169.56,2000,5503.259,9073.658,2000,5478.133,9016.392,2000,5797.174,9025.887,2000,5487.215,8913.146,2000,5785.187,9212.413,2000,5593.364,9073.599,2000,5611.219,9000.348,2000,5697.332,9175.432,2000,5771.557
9147.633,2000,5674.773,9169.288,2000,5503.489,9073.555,2000,5477.967,9016.036,2000,5797.143,9025.87,2000,5487.218,8912.808,2000,5785.298,9212.155,2000,5593.61,9073.244,2000,5611.25,9000.09,2000,5697.578,9175.198,2000,5771.826
9147.358,2000,5674.773,9169.073,2000,5503.66,9073.479,2000,5477.836,9015.764,2000,5797.12,9025.857,2000,5487.22,8912.548,2000,5785.384,9211.964,2000,5593.806,9072.971,2000,5611.264,8999.892,2000,5697.767,9175.012,2000,5772.026
9147.045,2000,5674.783,9168.821,2000,5503.847,9073.398,2000,5477.685,9015.451,2000,5797.094,9025.843,2000,5487.223,8912.25,2000,5785.482,9211.752,2000,5594.037,9072.657,2000,5611.27,8999.664,2000,5697.982,9174.791,2000,5772.249
9146.006,2000,5674.85,9167.966,2000,5504.439,9073.147,2000,5477.173,9014.413,2000,5797.008,9025.795,2000,5487.232,8911.261,2000,5785.808,9211.073,2000,5594.827,9071.618,2000,5611.255,8998.908,2000,5698.699,9174.034,2000,5772.964
9145.799,2000,5674.87,9167.799,2000,5504.563,9073.101,2000,5477.07,9014.205,2000,5796.998,9025.785,2000,5487.234,8911.063,2000,5785.874,9210.933,2000,5594.98,9071.41,2000,5611.246,8998.752,2000,5698.837,9173.878,2000,5773.102
9145.592,2000,5674.896,9167.636,2000,5504.693,9073.058,2000,5476.965,9013.997,2000,5796.994,9025.775,2000,5487.236,8910.864,2000,5785.939,9210.787,2000,5595.129,9071.203,2000,5611.229,8998.592,2000,5698.97,9173.718,2000,5773.235
9144.633,2000,5675.054,9166.896,2000,5505.321,9072.871,2000,5476.469,9013.025,2000,5797.009,9025.731,2000,5487.246,8909.941,2000,5786.244,9210.085,2000,5595.8,9070.24,2000,5611.121,8997.825,2000,5699.566,9172.949,2000,5773.83
9144.429,2000,5675.094,9166.741,2000,5505.461,9072.835,2000,5476.361,9012.817,2000,5797.02,9025.722,2000,5487.248,8909.743,2000,5786.309,9209.93,2000,5595.939,9070.034,2000,5611.091,8997.656,2000,5699.689,9172.78,2000,5773.952
9144.225,2000,5675.142,9166.591,2000,5505.606,9072.802,2000,5476.251,9012.608,2000,5797.037,9025.712,2000,5487.25,8909.544,2000,5786.375,9209.77,2000,5596.074,9069.828,2000,5611.055,8997.482,2000,5699.806,9172.606,2000,5774.069
9143.663,2000,5675.291,9166.188,2000,5506.024,9072.72,2000,5475.945,9012.031,2000,5797.103,9025.686,2000,5487.256,8908.992,2000,5786.558,9209.313,2000,5596.433,9069.262,2000,5610.934,8996.991,2000,5700.116,9172.114,2000,5774.377
9143.438,2000,5675.359,9166.029,2000,5506.198,9072.69,2000,5475.82,9011.799,2000,5797.137,9025.675,2000,5487.259,8908.769,2000,5786.631,9209.123,2000,5596.572,9069.034,2000,5610.877,8996.788,2000,5700.235,9171.911,2000,5774.496
9142.88,2000,5675.547,9165.648,2000,5506.647,9072.628,2000,5475.504,9011.22,2000,5797.242,9025.648,2000,5487.265,8908.209,2000,5786.816,9208.637,2000,5596.904,9068.469,2000,5610.718,8996.271,2000,5700.516,9171.393,2000,5774.776
9142.685,2000,5675.621,9165.52,2000,5506.81,9072.609,2000,5475.391,9011.016,2000,5797.286,9025.639,2000,5487.268,8908.011,2000,5786.882,9208.469,2000,5597.027,9068.271,2000,5610.655,8996.084,2000,5700.609,9171.206,2000,5774.869
9142.28,2000,5675.788,9165.26,2000,5507.161,9072.578,2000,5475.153,9010.591,2000,5797.392,9025.619,2000,5487.272,8907.596,2000,5787.02,9208.125,2000,5597.297,9067.859,2000,5610.509,8995.687,2000,5700.792,9170.809,2000,5775.051
9142.091,2000,5675.874,9165.142,2000,5507.333,9072.567,2000,5475.04,9010.391,2000,5797.449,9025.609,2000,5487.275,8907.397,2000,5787.085,9207.966,2000,5597.431,9067.666,2000,5610.433,8995.494,2000,5700.873,9170.616,2000,5775.131
9141.835,2000,5676,9164.987,2000,5507.572,9072.558,2000,5474.883,9010.119,2000,5797.536,9025.597,2000,5487.278,8907.127,2000,5787.175,9207.753,2000,5597.621,9067.404,2000,5610.321,8995.228,2000,5700.975,9170.35,2000,5775.233
9141.522,2000,5676.166,9164.806,2000,5507.876,9072.552,2000,5474.688,9009.785,2000,5797.655,9025.581,2000,5487.283,8906.791,2000,5787.286,9207.497,2000,5597.866,9067.084,2000,5610.17,8994.893,2000,5701.091,9170.015,2000,5775.348
9141.158,2000,5676.375,9164.602,2000,5508.243,9072.552,2000,5474.456,9009.395,2000,5797.809,9025.563,2000,5487.288,8906.393,2000,5787.418,9207.203,2000,5598.167,9066.711,2000,5609.98,8994.491,2000,5701.215,9169.613,2000,5775.472
9140.981,2000,5676.485,9164.507,2000,5508.428,9072.556,2000,5474.34,9009.203,2000,5797.892,9025.553,2000,5487.29,8906.194,2000,5787.484,9207.063,2000,5598.32,9066.529,2000,5609.879,8994.29,2000,5701.271,9169.412,2000,5775.526
9140.808,2000,5676.601,9164.418,2000,5508.617,9072.561,2000,5474.225,9009.015,2000,5797.98,9025.543,2000,5487.292,8905.996,2000,5787.549,9206.927,2000,5598.478,9066.351,2000,5609.773,8994.088,2000,5701.319,9169.209,2000,5775.575
9140.532,2000,5676.771,9164.289,2000,5508.914,9072.568,2000,5474.044,9008.727,2000,5798.128,9025.528,2000,5487.296,8905.688,2000,5787.651,9206.724,2000,5598.73,9066.068,2000,5609.617,8993.771,2000,5701.384,9168.892,2000,5775.639
9140.28,2000,5676.917,9164.183,2000,5509.184,9072.575,2000,5473.882,9008.473,2000,5798.27,9025.516,2000,5487.3,8905.413,2000,5787.742,9206.549,2000,5598.963,9065.811,2000,5609.485,8993.484,2000,5701.433,9168.605,2000,5775.688
9140.097,2000,5677.015,9164.112,2000,5509.38,9072.58,2000,5473.766,9008.294,2000,5798.376,9025.507,2000,5487.302,8905.215,2000,5787.808,9206.43,2000,5599.133,9065.622,2000,5609.396,8993.278,2000,5701.461,9168.399,2000,5775.715
9139.884,2000,5677.12,9164.04,2000,5509.606,9072.586,2000,5473.633,9008.094,2000,5798.505,9025.496,2000,5487.305,8904.989,2000,5787.882,9206.3,2000,5599.332,9065.404,2000,5609.303,8993.042,2000,5701.486,9168.163,2000,5775.74
9139.613,2000,5677.246,9163.958,2000,5509.893,9072.594,2000,5473.466,9007.849,2000,5798.674,9025.482,2000,5487.309,8904.706,2000,5787.976,9206.145,2000,5599.587,9065.127,2000,5609.194,8992.744,2000,5701.508,9167.865,2000,5775.761
9139.425,2000,5677.334,9163.907,2000,5510.095,9072.6,2000,5473.349,9007.682,2000,5798.798,9025.474,2000,5487.312,8904.508,2000,5788.042,9206.042,2000,5599.769,9064.932,2000,5609.125,8992.536,2000,5701.516,9167.657,2000,5775.771
9139.236,2000,5677.423,9163.863,2000,5510.298,9072.605,2000,5473.231,9007.519,2000,5798.928,9025.465,2000,5487.315,8904.31,2000,5788.107,9205.945,2000,5599.953,9064.733,2000,5609.062,8992.328,2000,5701.518,9167.449,2000,5775.782
9139.04,2000,5677.515,9163.824,2000,5510.511,9072.611,2000,5473.109,9007.354,2000,5799.068,9025.455,2000,5487.318,8904.105,2000,5788.178,9205.852,2000,5600.148,9064.525,2000,5609.003,8992.111,2000,5701.512,9167.233,2000,5775.794
9138.432,2000,5677.8,9163.726,2000,5511.176,9072.63,2000,5472.729,9006.855,2000,5799.519,9025.426,2000,5487.327,8903.473,2000,5788.403,9205.581,2000,5600.764,9063.875,2000,5608.842,8991.44,2000,5701.472,9166.563,2000,5775.83
9138.243,2000,5677.888,9163.702,2000,5511.383,9072.636,2000,5472.611,9006.706,2000,5799.664,9025.417,2000,5487.33,8903.277,2000,5788.475,9205.503,2000,5600.957,9063.672,2000,5608.799,8991.233,2000,5701.453,9166.354,2000,5775.841
9138.055,2000,5677.977,9163.686,2000,5511.59,9072.642,2000,5472.492,9006.562,2000,5799.813,9025.408,2000,5487.333,8903.082,2000,5788.547,9205.432,2000,5601.153,9063.468,2000,5608.762,8991.026,2000,5701.427,9166.146,2000,5775.853
9137.866,2000,5678.065,9163.676,2000,5511.798,9072.647,2000,5472.373,9006.422,2000,5799.968,9025.399,2000,5487.335,8902.889,2000,5788.625,9205.367,2000,5601.351,9063.263,2000,5608.732,8990.82,2000,5701.394,9165.938,2000,5775.864
9137.335,2000,5678.314,9163.666,2000,5512.385,9072.665,2000,5472.037,9006.042,2000,5800.415,9025.374,2000,5487.344,8902.351,2000,5788.859,9205.203,2000,5601.914,9062.682,2000,5608.667,8990.244,2000,5701.283,9165.353,2000,5775.897
9136.703,2000,5678.612,9163.678,2000,5513.083,9072.687,2000,5471.635,9005.572,2000,5800.932,9025.344,2000,5487.354,8901.717,2000,5789.154,9205.029,2000,5602.591,9061.987,2000,5608.612,8989.554,2000,5701.174,9164.655,2000,5775.938
9136.205,2000,5678.846,9163.705,2000,5513.632,9072.703,2000,5471.316,9005.189,2000,5801.328,9025.319,2000,5487.361,8901.222,2000,5789.395,9204.91,2000,5603.128,9061.439,2000,5608.586,8989.008,2000,5701.105,9164.105,2000,5775.97
9135.813,2000,5679.031,9163.712,2000,5514.065,9072.725,2000,5471.065,9004.878,2000,5801.628,9025.301,2000,5487.368,8900.839,2000,5789.598,9204.83,2000,5603.554,9061.008,2000,5608.581,8988.577,2000,5701.066,9163.674,2000,5775.997
9134.978,2000,5679.426,9163.697,2000,5514.988,9072.789,2000,5470.529,9004.192,2000,5802.249,9025.261,2000,5487.381,8900.033,2000,5790.05,9204.689,2000,5604.467,9060.087,2000,5608.598,8987.654,2000,5701.011,9162.751,2000,5776.054
9134.521,2000,5679.643,9163.673,2000,5515.493,9072.834,2000,5470.233,9003.807,2000,5802.576,9025.238,2000,5487.389,8899.601,2000,5790.312,9204.629,2000,5604.969,9059.583,2000,5608.625,8987.148,2000,5700.998,9162.246,2000,5776.086
9133.335,2000,5680.205,9163.566,2000,5516.8,9072.977,2000,5469.467,9002.778,2000,5803.391,9025.182,2000,5487.41,8898.491,2000,5791.013,9204.514,2000,5606.276,9058.28,2000,5608.735,8985.836,2000,5701.005,9160.937,2000,5776.172
9133.139,2000,5680.29,9163.542,2000,5517.012,9073.004,2000,5469.341,9002.606,2000,5803.518,9025.173,2000,5487.413,8898.314,2000,5791.133,9204.502,2000,5606.489,9058.069,2000,5608.76,8985.623,2000,5701.014,9160.724,2000,5776.193
9131.535,2000,5680.926,9163.29,2000,5518.717,9073.262,2000,5468.33,9001.188,2000,5804.498,9025.099,2000,5487.441,8896.92,2000,5792.148,9204.464,2000,5608.213,9056.37,2000,5609.017,8983.902,2000,5701.137,9159.014,2000,5776.418
9130.623,2000,5681.253,9163.117,2000,5519.67,9073.429,2000,5467.754,9000.372,2000,5805.022,9025.058,2000,5487.458,8896.149,2000,5792.736,9204.474,2000,5609.183,9055.421,2000,5609.192,8982.938,2000,5701.238,9158.058,2000,5776.576
9130.118,2000,5681.417,9163.006,2000,5520.189,9073.531,2000,5467.438,8999.917,2000,5805.295,9025.035,2000,5487.467,8895.729,2000,5793.061,9204.496,2000,5609.713,9054.904,2000,5609.305,8982.413,2000,5701.311,9157.537,2000,5776.679
9129.844,2000,5681.495,9162.937,2000,5520.466,9073.593,2000,5467.269,8999.667,2000,5805.434,9025.023,2000,5487.472,8895.51,2000,5793.243,9204.518,2000,5609.998,9054.629,2000,5609.375,8982.132,2000,5701.359,9157.259,2000,5776.744
9128.232,2000,5681.901,9162.481,2000,5522.063,9073.983,2000,5466.292,8998.188,2000,5806.192,9024.953,2000,5487.501,8894.244,2000,5794.32,9204.698,2000,5611.65,9053.038,2000,5609.834,8980.504,2000,5701.693,9155.653,2000,5777.174
9127.366,2000,5682.089,9162.211,2000,5522.907,9074.215,2000,5465.766,8997.387,2000,5806.57,9024.916,2000,5487.518,8893.581,2000,5794.909,9204.823,2000,5612.528,9052.197,2000,5610.106,8979.642,2000,5701.899,9154.805,2000,5777.431
9125.896,2000,5682.358,9161.708,2000,5524.314,9074.639,2000,5464.879,8996.015,2000,5807.164,9024.854,2000,5487.545,8892.471,2000,5795.91,9205.082,2000,5614,9050.796,2000,5610.612,8978.199,2000,5702.295,9153.389,2000,5777.912
9125.256,2000,5682.454,9161.471,2000,5524.915,9074.839,2000,5464.494,8995.413,2000,5807.401,9024.826,2000,5487.558,8891.999,2000,5796.352,9205.215,2000,5614.634,9050.197,2000,5610.851,8977.581,2000,5702.487,9152.783,2000,5778.139
9123.478,2000,5682.661,9160.76,2000,5526.557,9075.433,2000,5463.436,8993.728,2000,5808.003,9024.752,2000,5487.592,8890.701,2000,5797.585,9205.64,2000,5616.373,9048.563,2000,5611.565,8975.89,2000,5703.072,9151.129,2000,5778.824
9122.648,2000,5682.785,9160.402,2000,5527.314,9075.734,2000,5462.937,8992.93,2000,5808.259,9024.718,2000,5487.608,8890.1,2000,5798.169,9205.812,2000,5617.193,9047.809,2000,5611.924,8975.107,2000,5703.372,9150.345,2000,5779.119
9121.384,2000,5683.016,9159.815,2000,5528.457,9076.229,2000,5462.178,8991.693,2000,5808.611,9024.665,2000,5487.634,8889.186,2000,5799.073,9206.034,2000,5618.459,9046.671,2000,5612.513,8973.923,2000,5703.871,9149.127,2000,5779.532
9120.099,2000,5683.295,9159.178,2000,5529.606,9076.77,2000,5461.403,8990.417,2000,5808.93,9024.611,2000,5487.661,8888.261,2000,5800.008,9206.22,2000,5619.761,9045.526,2000,5613.153,8972.729,2000,5704.421,9147.868,2000,5779.914
9117.971,2000,5683.831,9158.051,2000,5531.487,9077.732,2000,5460.117,8988.271,2000,5809.392,9024.521,2000,5487.706,8886.726,2000,5801.577,9206.458,2000,5621.943,9043.653,2000,5614.283,8970.766,2000,5705.404,9145.748,2000,5780.481
9116.649,2000,5684.21,9157.307,2000,5532.642,9078.381,2000,5459.307,8986.919,2000,5809.637,9024.466,2000,5487.734,8885.769,2000,5802.564,9206.563,2000,5623.314,9042.503,2000,5615.029,8969.557,2000,5706.06,9144.409,2000,5780.793
9115.563,2000,5684.561,9156.657,2000,5533.581,9078.952,2000,5458.64,8985.789,2000,5809.804,9024.42,2000,5487.759,8884.978,2000,5803.389,9206.611,2000,5624.455,9041.568,2000,5615.68,8968.571,2000,5706.637,9143.289,2000,5781.016
9114.211,2000,5685.046,9155.803,2000,5534.733,9079.709,2000,5457.812,8984.362,2000,5809.967,9024.362,2000,5487.79,8883.985,2000,5804.427,9206.626,2000,5625.891,9040.42,2000,5616.536,8967.356,2000,5707.402,9141.872,2000,5781.25
9113.756,2000,5685.226,9155.499,2000,5535.116,9079.98,2000,5457.533,8983.875,2000,5810.007,9024.343,2000,5487.8,8883.649,2000,5804.782,9206.615,2000,5626.38,9040.039,2000,5616.84,8966.951,2000,5707.677,9141.387,2000,5781.314
9111.965,2000,5685.869,9154.27,2000,5536.566,9081.08,2000,5456.479,8981.975,2000,5810.099,9024.267,2000,5487.842,8882.347,2000,5806.168,9206.511,2000,5628.28,9038.596,2000,5618.072,8965.411,2000,5708.794,9139.51,2000,5781.624
9110.516,2000,5686.336,9153.248,2000,5537.694,9082.008,2000,5455.645,8980.457,2000,5810.222,9024.206,2000,5487.875,8881.269,2000,5807.243,9206.377,2000,5629.796,9037.408,2000,5619.02,8964.209,2000,5709.729,9138.017,2000,5781.92
9108.413,2000,5686.939,9151.729,2000,5539.264,9083.402,2000,5454.472,8978.284,2000,5810.471,9024.119,2000,5487.924,8879.67,2000,5808.735,9206.114,2000,5631.967,9035.659,2000,5620.325,8962.527,2000,5711.126,9135.887,2000,5782.417
9105.834,2000,5687.588,9149.845,2000,5541.136,9085.184,2000,5453.071,8975.653,2000,5810.859,9024.014,2000,5487.983,8877.668,2000,5810.485,9205.709,2000,5634.595,9033.481,2000,5621.841,8960.539,2000,5712.892,9133.318,2000,5783.104
9105.09,2000,5687.75,9149.305,2000,5541.672,9085.72,2000,5452.677,8974.904,2000,5810.995,9023.983,2000,5488,8877.078,2000,5810.967,9205.568,2000,5635.344,9032.844,2000,5622.255,8959.953,2000,5713.378,9132.59,2000,5783.325
9104.771,2000,5687.808,9149.074,2000,5541.901,9085.955,2000,5452.515,8974.587,2000,5811.063,9023.971,2000,5488.007,8876.82,2000,5811.165,9205.498,2000,5635.661,9032.565,2000,5622.422,8959.696,2000,5713.578,9132.282,2000,5783.43
9102.081,2000,5688.21,9147.147,2000,5543.816,9087.977,2000,5451.224,8971.948,2000,5811.722,9023.863,2000,5488.068,8874.607,2000,5812.745,9204.821,2000,5638.295,9030.196,2000,5623.748,8957.495,2000,5715.175,9129.736,2000,5784.387
9100.552,2000,5688.49,9146.047,2000,5544.91,9089.181,2000,5450.51,8970.453,2000,5812.148,9023.803,2000,5488.104,8873.313,2000,5813.606,9204.386,2000,5639.788,9028.817,2000,5624.461,8956.208,2000,5716.047,9128.265,2000,5784.887
9099.443,2000,5688.73,9145.244,2000,5545.708,9090.075,2000,5449.996,8969.373,2000,5812.494,9023.758,2000,5488.129,8872.35,2000,5814.203,9204.032,2000,5640.865,9027.795,2000,5624.948,8955.249,2000,5716.651,9127.18,2000,5785.216
9097.785,2000,5689.148,9144.033,2000,5546.913,9091.435,2000,5449.214,8967.763,2000,5813.069,9023.69,2000,5488.167,8870.867,2000,5815.056,9203.446,2000,5642.472,9026.229,2000,5625.631,8953.773,2000,5717.516,9125.527,2000,5785.658
9095.774,2000,5689.725,9142.553,2000,5548.387,9093.113,2000,5448.249,8965.816,2000,5813.837,9023.608,2000,5488.214,8869.021,2000,5816.039,9202.666,2000,5644.414,9024.288,2000,5626.405,8951.935,2000,5718.513,9123.489,2000,5786.133
9094.126,2000,5690.256,9141.327,2000,5549.606,9094.519,2000,5447.441,8964.227,2000,5814.525,9023.541,2000,5488.253,8867.466,2000,5816.802,9201.968,2000,5645.999,9022.661,2000,5626.992,8950.386,2000,5719.289,9121.79,2000,5786.471
9092.787,2000,5690.737,9140.321,2000,5550.609,9095.682,2000,5446.772,8962.94,2000,5815.132,9023.485,2000,5488.285,8866.169,2000,5817.387,9201.352,2000,5647.281,9021.31,2000,5627.431,8949.094,2000,5719.884,9120.387,2000,5786.702
9091.088,2000,5691.285,9139.059,2000,5551.867,9097.149,2000,5445.928,8961.352,2000,5815.947,9023.416,2000,5488.325,8864.519,2000,5818.067,9200.526,2000,5648.865,9019.596,2000,5627.925,8947.448,2000,5720.577,9118.636,2000,5787.05
9089.354,2000,5691.782,9137.783,2000,5553.139,9098.643,2000,5445.07,8959.774,2000,5816.822,9023.346,2000,5488.366,8862.829,2000,5818.7,9199.641,2000,5650.436,9017.849,2000,5628.368,8945.764,2000,5721.223,9116.879,2000,5787.459
9087.586,2000,5692.227,9136.495,2000,5554.423,9100.16,2000,5444.197,8958.211,2000,5817.758,9023.274,2000,5488.407,8861.103,2000,5819.283,9198.694,2000,5651.994,9016.07,2000,5628.757,8944.041,2000,5721.819,9115.118,2000,5787.931
9085.79,2000,5692.617,9135.197,2000,5555.719,9101.697,2000,5443.313,8956.666,2000,5818.752,9023.203,2000,5488.448,8859.343,2000,5819.813,9197.689,2000,5653.532,9014.266,2000,5629.091,8942.286,2000,5722.363,9113.359,2000,5788.464
9083.402,2000,5693.054,9133.482,2000,5557.431,9103.738,2000,5442.14,8954.669,2000,5820.133,9023.108,2000,5488.502,8856.997,2000,5820.438,9196.296,2000,5655.52,9011.867,2000,5629.453,8939.945,2000,5723.005,9111.061,2000,5789.244
9080.896,2000,5693.598,9131.672,2000,5559.24,9105.905,2000,5440.894,8952.607,2000,5821.659,9023.009,2000,5488.56,8854.498,2000,5821.016,9194.756,2000,5657.571,9009.322,2000,5629.753,8937.451,2000,5723.603,9108.606,2000,5789.988
9079.671,2000,5693.906,9130.78,2000,5560.132,9106.978,2000,5440.277,8951.617,2000,5822.444,9022.96,2000,5488.588,8853.259,2000,5821.26,9193.965,2000,5658.556,9008.064,2000,5629.859,8936.213,2000,5723.857,9107.386,2000,5790.315
9079.154,2000,5694.054,9130.401,2000,5560.511,9107.435,2000,5440.014,8951.207,2000,5822.791,9022.939,2000,5488.6,8852.729,2000,5821.347,9193.615,2000,5658.963,9007.528,2000,5629.887,8935.684,2000,5723.948,9106.862,2000,5790.437
9075.54,2000,5695.22,9127.725,2000,5563.192,9110.666,2000,5438.155,8948.392,2000,5825.339,9022.792,2000,5488.685,8848.963,2000,5821.836,9191.049,2000,5661.762,9003.735,2000,5629.96,8931.964,2000,5724.711,9103.138,2000,5791.177
9073.895,2000,5695.691,9126.518,2000,5564.4,9112.156,2000,5437.362,8947.161,2000,5826.528,9022.727,2000,5488.726,8847.259,2000,5822.001,9189.851,2000,5662.985,9002.025,2000,5629.937,8930.299,2000,5725.11,9101.471,2000,5791.566
9073.425,2000,5695.81,9126.177,2000,5564.743,9112.586,2000,5437.151,8946.802,2000,5826.854,9022.708,2000,5488.738,8846.778,2000,5822.063,9189.5,2000,5663.32,9001.542,2000,5629.914,8929.832,2000,5725.239,9101.003,2000,5791.691
9069.72,2000,5696.614,9123.509,2000,5567.422,9116.002,2000,5435.609,8943.909,2000,5829.304,9022.569,2000,5488.836,8843.037,2000,5822.675,9186.676,2000,5665.849,8997.766,2000,5629.615,8926.211,2000,5726.361,9097.375,2000,5792.792
9066.882,2000,5697.328,9121.449,2000,5569.49,9118.685,2000,5434.503,8941.615,2000,5831.122,9022.465,2000,5488.916,8840.166,2000,5823.241,9184.433,2000,5667.729,8994.859,2000,5629.289,8923.445,2000,5727.319,9094.548,2000,5793.548
9065.352,2000,5697.767,9120.33,2000,5570.616,9120.165,2000,5433.949,8940.336,2000,5832.069,9022.41,2000,5488.961,8838.615,2000,5823.6,9183.18,2000,5668.712,8993.285,2000,5629.06,8921.959,2000,5727.889,9092.997,2000,5793.91
9064.057,2000,5698.185,9119.373,2000,5571.578,9121.446,2000,5433.516,8939.216,2000,5832.843,9022.364,2000,5489.001,8837.3,2000,5823.95,9182.082,2000,5669.516,8991.946,2000,5628.82,8920.705,2000,5728.417,9091.662,2000,5794.175
9063.576,2000,5698.323,9119.021,2000,5571.932,9121.923,2000,5433.373,8938.795,2000,5833.114,9022.348,2000,5489.016,8836.821,2000,5824.094,9181.669,2000,5669.798,8991.452,2000,5628.749,8920.251,2000,5728.626,9091.175,2000,5794.288
9060.632,2000,5699.064,9116.889,2000,5574.082,9124.842,2000,5432.595,8936.189,2000,5834.673,9022.252,2000,5489.112,8833.944,2000,5825.065,9179.107,2000,5671.429,8988.437,2000,5628.41,8917.536,2000,5729.986,9088.241,2000,5795.074
9058.648,2000,5699.495,9115.465,2000,5575.52,9126.812,2000,5432.139,8934.415,2000,5835.658,9022.189,2000,5489.178,8832.044,2000,5825.777,9177.36,2000,5672.462,8986.415,2000,5628.25,8915.752,2000,5730.954,9086.299,2000,5795.663
9056.019,2000,5700.157,9113.562,2000,5577.441,9129.463,2000,5431.616,8932.002,2000,5836.896,9022.109,2000,5489.269,8829.536,2000,5826.811,9174.981,2000,5673.766,8983.707,2000,5628.125,8913.411,2000,5732.324,9083.679,2000,5796.364
9055.131,2000,5700.411,9112.914,2000,5578.096,9130.372,2000,5431.468,8931.167,2000,5837.29,9022.083,2000,5489.3,8828.694,2000,5827.191,9174.166,2000,5674.199,8982.784,2000,5628.112,8912.63,2000,5732.817,9082.779,2000,5796.574
9053.507,2000,5700.935,9111.719,2000,5579.307,9132.06,2000,5431.249,8929.601,2000,5837.967,9022.037,2000,5489.36,8827.162,2000,5827.943,9172.661,2000,5675.004,8981.079,2000,5628.145,8911.217,2000,5733.773,9081.115,2000,5796.953
9051.325,2000,5701.561,9110.13,2000,5580.917,9134.313,2000,5431.03,8927.489,2000,5838.8,9021.979,2000,5489.442,8825.159,2000,5829.009,9170.662,2000,5676.078,8978.814,2000,5628.262,8909.38,2000,5735.106,9078.92,2000,5797.529
9049.582,2000,5701.999,9108.873,2000,5582.195,9136.104,2000,5430.916,8925.797,2000,5839.404,9021.934,2000,5489.509,8823.602,2000,5829.905,9169.082,2000,5676.935,8977.024,2000,5628.414,8907.961,2000,5736.209,9077.197,2000,5798.042
9045.941,2000,5702.79,9106.271,2000,5584.845,9139.82,2000,5430.8,8922.249,2000,5840.542,9021.846,2000,5489.649,8820.435,2000,5831.867,9165.811,2000,5678.716,8973.327,2000,5628.85,8905.096,2000,5738.59,9073.664,2000,5799.221
9044.428,2000,5703.17,9105.18,2000,5585.956,9141.38,2000,5430.803,8920.747,2000,5840.969,9021.811,2000,5489.709,8819.135,2000,5832.732,9164.44,2000,5679.464,8971.784,2000,5629.083,8903.928,2000,5739.626,9072.168,2000,5799.666
9043.27,2000,5703.502,9104.339,2000,5586.813,9142.583,2000,5430.844,8919.578,2000,5841.261,9021.785,2000,5489.756,8818.154,2000,5833.433,9163.384,2000,5680.043,8970.6,2000,5629.302,8903.054,2000,5740.456,9071.002,2000,5799.972
9041.903,2000,5703.943,9103.339,2000,5587.837,9144.014,2000,5430.94,8918.181,2000,5841.59,9021.757,2000,5489.813,8817.014,2000,5834.304,9162.128,2000,5680.738,8969.198,2000,5629.609,8902.045,2000,5741.477,9069.612,2000,5800.332
9038.786,2000,5705.062,9101.031,2000,5590.2,9147.306,2000,5431.27,8914.961,2000,5842.365,9021.691,2000,5489.943,8814.45,2000,5836.401,9159.23,2000,5682.343,8965.989,2000,5630.422,8899.796,2000,5743.908,9066.408,2000,5801.169
9038.119,2000,5705.277,9100.543,2000,5590.701,9148,2000,5431.363,8914.285,2000,5842.551,9021.678,2000,5489.971,8813.922,2000,5836.862,9158.618,2000,5682.686,8965.315,2000,5630.617,8899.303,2000,5744.407,9065.736,2000,5801.369
9034.725,2000,5706.25,9098.089,2000,5593.227,9151.48,2000,5431.943,8910.913,2000,5843.6,9021.608,2000,5490.11,8811.34,2000,5839.272,9155.541,2000,5684.417,8961.957,2000,5631.706,8896.74,2000,5746.836,9062.386,2000,5802.483
9032.568,2000,5706.946,9096.517,2000,5594.85,9153.7,2000,5432.389,8908.773,2000,5844.343,9021.563,2000,5490.199,8809.634,2000,5840.763,9153.57,2000,5685.535,8959.827,2000,5632.475,8895.046,2000,5748.34,9060.214,2000,5803.127
9029.934,2000,5707.892,9094.574,2000,5596.855,9156.424,2000,5433.028,8906.161,2000,5845.348,9021.509,2000,5490.309,8807.467,2000,5842.535,9151.137,2000,5686.918,8957.228,2000,5633.511,8892.893,2000,5750.129,9057.522,2000,5803.895
9029.429,2000,5708.055,9094.207,2000,5597.236,9156.936,2000,5433.167,8905.672,2000,5845.554,9021.498,2000,5490.33,8807.045,2000,5842.857,9150.676,2000,5687.182,8956.741,2000,5633.723,8892.474,2000,5750.455,9057.018,2000,5804.057
9026.653,2000,5708.851,9092.209,2000,5599.31,9159.696,2000,5434.009,8903.051,2000,5846.765,9021.441,2000,5490.443,8804.695,2000,5844.535,9148.173,2000,5688.621,8954.135,2000,5634.965,8890.137,2000,5752.151,9054.299,2000,5805.029
9025.299,2000,5709.287,9091.226,2000,5600.333,9161.042,2000,5434.468,8901.779,2000,5847.403,9021.413,2000,5490.499,8803.511,2000,5845.323,9146.941,2000,5689.333,8952.871,2000,5635.618,8888.959,2000,5752.949,9052.944,2000,5805.464
9023.413,2000,5709.964,9089.842,2000,5601.777,9162.916,2000,5435.177,8900.019,2000,5848.36,9021.374,2000,5490.577,8801.807,2000,5846.378,9145.21,2000,5690.342,8951.122,2000,5636.596,8887.264,2000,5754.018,9051.03,2000,5806.058
9020.938,2000,5710.763,9088.049,2000,5603.654,9165.317,2000,5436.176,8897.775,2000,5849.676,9021.323,2000,5490.679,8799.552,2000,5847.675,9142.967,2000,5691.659,8948.895,2000,5637.939,8885.019,2000,5755.332,9048.572,2000,5806.91
9018.352,2000,5711.691,9086.156,2000,5605.638,9167.817,2000,5437.313,8895.453,2000,5851.144,9021.27,2000,5490.786,8797.127,2000,5848.966,9140.599,2000,5693.052,8946.59,2000,5639.435,8882.604,2000,5756.642,9045.955,2000,5807.746
9017.841,2000,5711.856,9085.787,2000,5606.026,9168.299,2000,5437.552,8895.009,2000,5851.445,9021.259,2000,5490.807,8796.645,2000,5849.203,9140.137,2000,5693.326,8946.149,2000,5639.741,8882.123,2000,5756.882,9045.449,2000,5807.926
9014.395,2000,5712.844,9083.326,2000,5608.624,9171.457,2000,5439.247,8892.109,2000,5853.554,9021.188,2000,5490.947,8793.377,2000,5850.677,9137.061,2000,5695.167,8943.276,2000,5641.885,8878.866,2000,5758.381,9042.113,2000,5809.238
9012.187,2000,5713.556,9081.736,2000,5610.309,9173.464,2000,5440.41,8890.279,2000,5854.979,9021.143,2000,5491.037,8791.232,2000,5851.562,9135.074,2000,5696.366,8941.464,2000,5643.332,8876.729,2000,5759.282,9039.928,2000,5810.016
9009.491,2000,5714.524,9079.774,2000,5612.389,9175.894,2000,5441.926,8888.078,2000,5856.812,9021.086,2000,5491.148,8788.55,2000,5852.566,9132.623,2000,5697.847,8939.168,2000,5645.044,8874.055,2000,5760.308,9037.222,2000,5810.954
9008.986,2000,5714.724,9079.402,2000,5612.784,9176.345,2000,5442.229,8887.672,2000,5857.173,9021.075,2000,5491.169,8788.035,2000,5852.74,9132.159,2000,5698.129,8938.722,2000,5645.355,8873.541,2000,5760.485,9036.709,2000,5811.134
9007.072,2000,5715.557,9077.977,2000,5614.304,9178.039,2000,5443.447,8886.158,2000,5858.61,9021.034,2000,5491.25,8786.037,2000,5853.342,9130.379,2000,5699.219,8936.971,2000,5646.491,8871.547,2000,5761.104,9034.745,2000,5811.841
9005.103,2000,5716.491,9076.437,2000,5615.843,9179.767,2000,5444.777,8884.627,2000,5860.163,9020.991,2000,5491.335,8783.971,2000,5854.04,9128.558,2000,5700.418,8935.104,2000,5647.617,8869.444,2000,5761.681,9032.698,2000,5812.592
9003.099,2000,5717.362,9074.844,2000,5617.334,9181.453,2000,5446.166,8883.145,2000,5861.768,9020.948,2000,5491.42,8781.925,2000,5854.806,9126.773,2000,5701.678,8933.197,2000,5648.683,8867.32,2000,5762.189,9030.673,2000,5813.411
9001.064,2000,5718.168,9073.2,2000,5618.774,9183.096,2000,5447.61,8881.608,2000,5863.326,9020.905,2000,5491.505,8779.902,2000,5855.64,9125.028,2000,5702.998,8931.254,2000,5649.688,8865.211,2000,5762.769,9028.673,2000,5814.296
8997.465,2000,5719.734,9070.168,2000,5621.26,9185.956,2000,5450.298,8878.763,2000,5866.03,9020.828,2000,5491.657,8776.324,2000,5857.253,9121.977,2000,5705.467,8927.71,2000,5651.376,8861.461,2000,5763.931,9025.033,2000,5815.768
8996.956,2000,5719.936,9069.734,2000,5621.593,9186.343,2000,5450.686,8878.354,2000,5866.394,9020.817,2000,5491.678,8775.833,2000,5857.495,9121.563,2000,5705.825,8927.209,2000,5651.596,8860.944,2000,5764.11,9024.533,2000,5815.989
8994.145,2000,5720.945,9067.308,2000,5623.33,9188.381,2000,5452.87,8876.058,2000,5868.305,9020.759,2000,5491.794,8773.196,2000,5858.898,9119.368,2000,5707.852,8924.434,2000,5652.701,8858.155,2000,5765.18,9021.843,2000,5817.288
8992.1,2000,5721.755,9065.48,2000,5624.55,9189.828,2000,5454.525,8874.322,2000,5869.656,9020.716,2000,5491.879,8771.29,2000,5859.995,9117.803,2000,5709.396,8922.365,2000,5653.448,8856.129,2000,5766.034,9019.832,2000,5818.178
8991.175,2000,5722.158,9064.624,2000,5625.082,9190.467,2000,5455.306,8873.506,2000,5870.25,9020.696,2000,5491.918,8770.433,2000,5860.526,9117.108,2000,5710.128,8921.405,2000,5653.759,8855.213,2000,5766.456,9018.9,2000,5818.565
8988.688,2000,5723.337,9062.242,2000,5626.456,9192.139,2000,5457.492,8871.229,2000,5871.794,9020.643,2000,5492.025,8768.142,2000,5862.051,9115.279,2000,5712.184,8918.762,2000,5654.522,8852.752,2000,5767.688,9016.368,2000,5819.642
8986.152,2000,5724.643,9059.82,2000,5627.96,9193.797,2000,5459.813,8868.816,2000,5873.318,9020.587,2000,5492.136,8765.819,2000,5863.708,9113.314,2000,5714.253,8915.996,2000,5655.224,8850.244,2000,5769.048,9013.749,2000,5820.773
8984.496,2000,5725.565,9058.245,2000,5629.012,9194.848,2000,5461.391,8867.204,2000,5874.315,9020.55,2000,5492.21,8764.313,2000,5864.86,9111.965,2000,5715.584,8914.145,2000,5655.629,8848.608,2000,5770.005,9012.011,2000,5821.528
8983.774,2000,5725.937,9057.586,2000,5629.484,9195.275,2000,5462.081,8866.528,2000,5874.765,9020.534,2000,5492.242,8763.685,2000,5865.374,9111.368,2000,5716.135,8913.347,2000,5655.776,8847.922,2000,5770.438,9011.277,2000,5821.876
8979.411,2000,5728.006,9053.757,2000,5632.42,9197.683,2000,5466.267,8862.585,2000,5877.553,9020.44,2000,5492.429,8760.049,2000,5868.552,9107.716,2000,5719.293,8908.572,2000,5656.498,8843.923,2000,5773.146,9006.983,2000,5824.086
8976.924,2000,5729.088,9051.661,2000,5634.139,9198.957,2000,5468.661,8860.388,2000,5879.143,9020.388,2000,5492.535,8758.066,2000,5870.402,9105.607,2000,5721,8905.905,2000,5656.991,8841.728,2000,5774.739,9004.613,2000,5825.406
8975.725,2000,5729.657,9050.663,2000,5635.013,9199.542,2000,5469.852,8859.325,2000,5879.938,9020.362,2000,5492.586,8757.126,2000,5871.339,9104.549,2000,5721.8,8904.608,2000,5657.275,8840.68,2000,5775.553,9003.434,2000,5826.013
8973.947,2000,5730.572,9049.204,2000,5636.378,9200.364,2000,5471.674,8857.75,2000,5881.169,9020.323,2000,5492.664,8755.757,2000,5872.796,9102.916,2000,5722.954,8902.671,2000,5657.766,8839.143,2000,5776.831,9001.632,2000,5826.879
8971.812,2000,5731.762,9047.476,2000,5638.106,9201.296,2000,5473.935,8855.829,2000,5882.683,9020.276,2000,5492.759,8754.142,2000,5874.631,9100.884,2000,5724.314,8900.321,2000,5658.444,8837.314,2000,5778.454,8999.43,2000,5827.942
8971.338,2000,5732.047,9047.098,2000,5638.509,9201.49,2000,5474.453,8855.405,2000,5883.038,9020.266,2000,5492.781,8753.79,2000,5875.058,9100.426,2000,5724.624,8899.795,2000,5658.615,8836.913,2000,5778.834,8998.935,2000,5828.188
8968.394,2000,5733.95,9044.786,2000,5641.143,9202.611,2000,5477.774,8852.77,2000,5885.349,9020.198,2000,5492.917,8751.651,2000,5877.835,9097.534,2000,5726.604,8896.498,2000,5659.805,8834.449,2000,5781.328,8995.81,2000,5829.775
8965.874,2000,5735.463,9042.904,2000,5643.399,9203.46,2000,5480.588,8850.586,2000,5887.316,9020.142,2000,5493.032,8749.936,2000,5880.222,9095.113,2000,5728.272,8893.768,2000,5660.893,8832.453,2000,5783.486,8993.233,2000,5831.191
8964.421,2000,5736.273,9041.798,2000,5644.642,9203.888,2000,5482.196,8849.361,2000,5888.442,9020.109,2000,5493.097,8749.009,2000,5881.604,9093.774,2000,5729.26,8892.243,2000,5661.559,8831.363,2000,5784.744,8991.803,2000,5832.041
8963.281,2000,5736.86,9040.914,2000,5645.57,9204.177,2000,5483.445,8848.433,2000,5889.326,9020.085,2000,5493.147,8748.33,2000,5882.691,9092.769,2000,5730.055,8891.086,2000,5662.11,8830.556,2000,5785.74,8990.722,2000,5832.73
8961.475,2000,5737.717,9039.489,2000,5646.973,9204.563,2000,5485.406,8847.012,2000,5890.732,9020.047,2000,5493.226,8747.327,2000,5884.421,9091.241,2000,5731.345,8889.31,2000,5663.028,8829.349,2000,5787.333,8989.072,2000,5833.861
8959.299,2000,5738.838,9037.69,2000,5648.631,9204.958,2000,5487.822,8845.329,2000,5892.51,9020,2000,5493.321,8746.031,2000,5886.498,9089.424,2000,5732.985,8887.174,2000,5664.223,8827.936,2000,5789.332,8987.009,2000,5835.178
8957.612,2000,5739.778,9036.229,2000,5649.893,9205.207,2000,5489.737,8844.048,2000,5893.956,9019.963,2000,5493.397,8744.956,2000,5888.102,9088.033,2000,5734.325,8885.521,2000,5665.221,8826.872,2000,5790.944,8985.348,2000,5836.163
8955.687,2000,5740.935,9034.48,2000,5651.305,9205.424,2000,5491.974,8842.613,2000,5895.685,9019.92,2000,5493.485,8743.644,2000,5889.926,9086.467,2000,5735.936,8883.635,2000,5666.444,8825.697,2000,5792.859,8983.394,2000,5837.272
8952.655,2000,5742.895,9031.601,2000,5653.479,9205.654,2000,5495.576,8840.401,2000,5898.537,9019.851,2000,5493.627,8741.441,2000,5892.786,9084.037,2000,5738.605,8880.673,2000,5668.506,8823.911,2000,5795.997,8980.258,2000,5839.059
8952.2,2000,5743.21,9031.147,2000,5653.798,9205.672,2000,5496.129,8840.076,2000,5898.986,9019.84,2000,5493.649,8741.089,2000,5893.213,9083.678,2000,5739.027,8880.229,2000,5668.837,8823.653,2000,5796.487,8979.779,2000,5839.338
8950.034,2000,5744.82,9028.994,2000,5655.424,9205.668,2000,5498.828,8838.565,2000,5901.222,9019.788,2000,5493.756,8739.306,2000,5895.239,9081.861,2000,5741.023,8878.119,2000,5670.521,8822.475,2000,5798.915,8977.459,2000,5840.716
8947.928,2000,5746.282,9027,2000,5657.035,9205.58,2000,5501.39,8837.2,2000,5903.392,9019.739,2000,5493.857,8737.55,2000,5897.107,9080.074,2000,5742.861,8876.169,2000,5672.185,8821.431,2000,5801.256,8975.299,2000,5842.096
8946.554,2000,5747.17,9025.762,2000,5658.104,9205.471,2000,5503.022,8836.375,2000,5904.805,9019.708,2000,5493.922,8736.391,2000,5898.262,9078.896,2000,5743.997,8874.96,2000,5673.287,8820.813,2000,5802.772,8973.949,2000,5843.022
8944.651,2000,5748.313,9024.13,2000,5659.609,9205.25,2000,5505.231,8835.193,2000,5906.684,9019.666,2000,5494.01,8734.87,2000,5899.88,9077.248,2000,5745.484,8873.369,2000,5674.835,8820.044,2000,5804.854,8972.161,2000,5844.337
8942.712,2000,5749.394,9022.548,2000,5661.167,9204.957,2000,5507.432,8833.95,2000,5908.523,9019.624,2000,5494.098,8733.403,2000,5901.546,9075.552,2000,5746.917,8871.83,2000,5676.435,8819.343,2000,5806.961,8970.416,2000,5845.71
8940.806,2000,5750.539,9021.016,2000,5662.777,9204.592,2000,5509.625,8832.654,2000,5910.329,9019.582,2000,5494.187,8731.99,2000,5903.263,9073.808,2000,5748.295,8870.342,2000,5678.086,8818.71,2000,5809.092,8968.625,2000,5847.027
8938.938,2000,5751.746,9019.537,2000,5664.437,9204.154,2000,5511.804,8831.404,2000,5912.167,9019.54,2000,5494.275,8730.634,2000,5905.024,9072.042,2000,5749.645,8868.908,2000,5679.785,8818.147,2000,5811.243,8966.792,2000,5848.285
8936.355,2000,5753.538,9017.523,2000,5666.852,9203.436,2000,5514.865,8829.699,2000,5914.809,9019.481,2000,5494.4,8728.798,2000,5907.576,9069.557,2000,5751.57,8866.961,2000,5682.253,8817.452,2000,5814.309,8964.182,2000,5850.037
8933.876,2000,5755.381,9015.469,2000,5669.158,9202.631,2000,5517.848,8828.069,2000,5917.433,9019.424,2000,5494.524,8727.077,2000,5910.142,9067.177,2000,5753.54,8864.969,2000,5684.614,8816.868,2000,5817.342,8961.63,2000,5851.778
8932.149,2000,5756.754,9013.948,2000,5670.757,9201.987,2000,5519.958,8826.913,2000,5919.313,9019.383,2000,5494.612,8725.908,2000,5912.014,9065.524,2000,5755.002,8863.491,2000,5686.253,8816.522,2000,5819.521,8959.81,2000,5853.026
8931.725,2000,5757.115,9013.551,2000,5671.148,9201.808,2000,5520.485,8826.633,2000,5919.794,9019.372,2000,5494.635,8725.629,2000,5912.497,9065.119,2000,5755.385,8863.104,2000,5686.655,8816.453,2000,5820.075,8959.354,2000,5853.346
8929.485,2000,5759.149,9011.326,2000,5673.199,9200.737,2000,5523.315,8825.142,2000,5922.427,9019.315,2000,5494.756,8724.198,2000,5915.162,9062.989,2000,5757.534,8860.937,2000,5688.765,8816.12,2000,5823.082,8956.887,2000,5855.098
8928.419,2000,5760.184,9010.201,2000,5674.169,9200.167,2000,5524.687,8824.452,2000,5923.743,9019.288,2000,5494.816,8723.539,2000,5916.494,9061.979,2000,5758.623,8859.839,2000,5689.766,8815.908,2000,5824.552,8955.704,2000,5855.998
8926.944,2000,5761.71,9008.55,2000,5675.503,9199.288,2000,5526.618,8823.528,2000,5925.654,9019.249,2000,5494.902,8722.66,2000,5918.425,9060.586,2000,5760.225,8858.225,2000,5691.144,8815.537,2000,5826.642,8954.058,2000,5857.337
8924.507,2000,5764.406,9005.649,2000,5677.692,9197.676,2000,5529.875,8822.055,2000,5928.976,9019.182,2000,5495.05,8721.264,2000,5921.78,9058.293,2000,5763.044,8855.385,2000,5693.411,8814.785,2000,5830.197,8951.315,2000,5859.721
8924.146,2000,5764.832,9005.216,2000,5678.043,9197.412,2000,5530.366,8821.846,2000,5929.493,9019.171,2000,5495.072,8721.066,2000,5922.302,9057.927,2000,5763.465,8854.938,2000,5693.744,8814.652,2000,5830.739,8950.907,2000,5860.101
8922.053,2000,5767.475,9002.663,2000,5680.247,9195.722,2000,5533.283,8820.684,2000,5932.659,9019.108,2000,5495.209,8719.977,2000,5925.493,9055.632,2000,5765.936,8852.17,2000,5695.671,8813.74,2000,5833.985,8948.513,2000,5862.475
8920.602,2000,5769.189,9001.012,2000,5681.769,9194.533,2000,5535.188,8819.979,2000,5934.791,9019.067,2000,5495.301,8719.321,2000,5927.641,9054.051,2000,5767.531,8850.37,2000,5697.014,8813.063,2000,5836.126,8946.971,2000,5864.107
8918.603,2000,5771.399,8998.888,2000,5683.86,9192.873,2000,5537.664,8819.136,2000,5937.65,9019.013,2000,5495.423,8718.545,2000,5930.519,9051.884,2000,5769.578,8848.041,2000,5698.873,8812.07,2000,5838.937,8944.996,2000,5866.34
8917.9,2000,5772.126,8998.191,2000,5684.592,9192.283,2000,5538.484,8818.882,2000,5938.628,9018.994,2000,5495.465,8718.313,2000,5931.502,9051.127,2000,5770.247,8847.272,2000,5699.529,8811.703,2000,5839.878,8944.352,2000,5867.118
8916.56,2000,5773.427,8996.948,2000,5685.987,9191.144,2000,5539.965,8818.473,2000,5940.451,9018.96,2000,5495.542,8717.946,2000,5933.334,9049.708,2000,5771.463,8845.892,2000,5700.787,8810.968,2000,5841.596,8943.208,2000,5868.596
8914.288,2000,5775.49,8994.983,2000,5688.344,9189.193,2000,5542.333,8817.898,2000,5943.465,9018.903,2000,5495.668,8717.441,2000,5936.361,9047.388,2000,5773.471,8843.692,2000,5702.927,8809.668,2000,5844.375,8941.41,2000,5871.083
8912.601,2000,5776.925,8993.51,2000,5689.998,9187.738,2000,5544.003,8817.555,2000,5945.653,9018.862,2000,5495.76,8717.148,2000,5938.556,9045.761,2000,5774.974,8842.156,2000,5704.523,8808.664,2000,5846.35,8940.172,2000,5872.919
8911.357,2000,5777.914,8992.415,2000,5691.148,9186.697,2000,5545.204,8817.36,2000,5947.229,9018.833,2000,5495.826,8716.99,2000,5940.137,9044.63,2000,5776.09,8841.093,2000,5705.703,8807.898,2000,5847.742,8939.327,2000,5874.265
8909.907,2000,5779.147,8991.059,2000,5692.484,9185.453,2000,5546.645,8817.188,2000,5949.125,9018.798,2000,5495.905,8716.862,2000,5942.036,9043.319,2000,5777.471,8839.865,2000,5707.158,8806.927,2000,5849.379,8938.263,2000,5875.843
8908.224,2000,5780.676,8989.387,2000,5694.025,9183.971,2000,5548.368,8816.91,2000,5951.382,9018.756,2000,5496,8716.784,2000,5944.309,9041.809,2000,5779.17,8838.457,2000,5708.943,8805.831,2000,5851.371,8936.931,2000,5877.686
8906.977,2000,5781.885,8988.072,2000,5695.16,9182.842,2000,5549.688,8816.641,2000,5953.098,9018.725,2000,5496.073,8716.781,2000,5946.045,9040.698,2000,5780.505,8837.427,2000,5710.341,8805.044,2000,5852.919,8935.867,2000,5879.059
8905.109,2000,5783.819,8986.096,2000,5696.982,9181.098,2000,5551.733,8816.138,2000,5955.739,9018.676,2000,5496.186,8716.864,2000,5948.732,9038.912,2000,5782.515,8835.762,2000,5712.452,8803.905,2000,5855.354,8934.153,2000,5881.13
8904.279,2000,5784.737,8985.214,2000,5697.851,9180.299,2000,5552.678,8815.946,2000,5956.961,9018.653,2000,5496.238,8716.862,2000,5949.969,9038.061,2000,5783.412,8834.964,2000,5713.397,8803.418,2000,5856.492,8933.333,2000,5882.057
8901.82,2000,5787.642,8982.591,2000,5700.608,9177.846,2000,5555.587,8815.479,2000,5960.738,9018.584,2000,5496.398,8716.731,2000,5953.772,9035.352,2000,5786.085,8832.416,2000,5716.224,8802.034,2000,5860.038,8930.72,2000,5884.823
8900.985,2000,5788.696,8981.696,2000,5701.612,9176.98,2000,5556.616,8815.358,2000,5962.077,9018.56,2000,5496.456,8716.642,2000,5955.114,9034.366,2000,5787,8831.483,2000,5717.193,8801.587,2000,5861.306,8929.765,2000,5885.77
8900.183,2000,5789.78,8980.832,2000,5702.648,9176.114,2000,5557.649,8815.281,2000,5963.424,9018.535,2000,5496.513,8716.507,2000,5956.456,9033.381,2000,5787.922,8830.517,2000,5718.134,8801.18,2000,5862.592,8928.776,2000,5886.688
8899.253,2000,5791.126,8979.826,2000,5703.938,9175.065,2000,5558.904,8815.241,2000,5965.059,9018.506,2000,5496.583,8716.291,2000,5958.077,9032.189,2000,5789.042,8829.308,2000,5719.235,8800.737,2000,5864.167,8927.583,2000,5887.806
8898.642,2000,5792.076,8979.103,2000,5704.805,9174.342,2000,5559.771,8815.25,2000,5966.188,9018.485,2000,5496.631,8716.105,2000,5959.191,9031.392,2000,5789.842,8828.498,2000,5720.023,8800.468,2000,5865.264,8926.76,2000,5888.579
8898.43,2000,5792.431,8978.828,2000,5705.113,9174.078,2000,5560.089,8815.267,2000,5966.601,9018.478,2000,5496.648,8716.024,2000,5959.596,9031.11,2000,5790.144,8828.212,2000,5720.321,8800.383,2000,5865.667,8926.463,2000,5888.866
8896.844,2000,5795.292,8976.573,2000,5707.483,9171.994,2000,5562.61,8815.507,2000,5969.863,9018.419,2000,5496.789,8715.276,2000,5962.78,9028.958,2000,5792.607,8826.022,2000,5722.75,8799.811,2000,5868.888,8924.122,2000,5891.15
8896.193,2000,5796.379,8975.671,2000,5708.372,9171.188,2000,5563.588,8815.559,2000,5971.129,9018.396,2000,5496.843,8715.027,2000,5964.022,9028.156,2000,5793.587,8825.206,2000,5723.719,8799.63,2000,5870.142,8923.245,2000,5892.064
8895.564,2000,5797.356,8974.87,2000,5709.213,9170.453,2000,5564.487,8815.568,2000,5972.291,9018.376,2000,5496.894,8714.836,2000,5965.168,9027.392,2000,5794.462,8824.486,2000,5724.631,8799.502,2000,5871.297,8922.469,2000,5892.929
8893.809,2000,5799.899,8972.814,2000,5711.521,9168.501,2000,5566.882,8815.492,2000,5975.38,9018.32,2000,5497.027,8714.428,2000,5968.232,9025.282,2000,5796.722,8822.652,2000,5727.119,8799.263,2000,5874.378,8920.479,2000,5895.294
8892.821,2000,5801.234,8971.751,2000,5712.796,9167.454,2000,5568.17,8815.396,2000,5977.038,9018.29,2000,5497.099,8714.262,2000,5969.884,9024.11,2000,5797.898,8821.711,2000,5728.486,8799.188,2000,5876.037,8919.452,2000,5896.599
8892.169,2000,5802.058,8971.052,2000,5713.581,9166.792,2000,5568.986,8815.302,2000,5978.084,9018.271,2000,5497.145,8714.191,2000,5970.933,9023.394,2000,5798.667,8821.144,2000,5729.371,8799.176,2000,5877.087,8918.829,2000,5897.445
8891.733,2000,5802.573,8970.587,2000,5714.069,9166.368,2000,5569.511,8815.219,2000,5978.754,9018.26,2000,5497.174,8714.168,2000,5971.606,9022.95,2000,5799.174,8820.799,2000,5729.95,8799.189,2000,5877.762,8918.447,2000,5898.001
8890.243,2000,5804.22,8969.004,2000,5715.627,9164.978,2000,5571.242,8814.875,2000,5980.948,9018.22,2000,5497.271,8714.164,2000,5973.828,9021.544,2000,5800.894,8819.726,2000,5731.895,8799.259,2000,5879.981,8917.251,2000,5899.873
8888.805,2000,5805.71,8967.576,2000,5717.127,9163.684,2000,5572.859,8814.487,2000,5982.983,9018.183,2000,5497.362,8714.229,2000,5975.898,9020.181,2000,5802.453,8818.784,2000,5733.74,8799.327,2000,5882.052,8916.193,2000,5901.654
8887.848,2000,5806.639,8966.689,2000,5718.123,9162.854,2000,5573.903,8814.195,2000,5984.284,9018.159,2000,5497.42,8714.313,2000,5977.229,9019.271,2000,5803.428,8818.218,2000,5734.947,8799.375,2000,5883.385,8915.551,2000,5902.822
8886.318,2000,5808.223,8965.279,2000,5719.814,9161.485,2000,5575.628,8813.704,2000,5986.431,9018.12,2000,5497.518,8714.525,2000,5979.421,9017.741,2000,5805.012,8817.217,2000,5736.908,8799.458,2000,5885.585,8914.427,2000,5904.716
8885.355,2000,5809.288,8964.396,2000,5720.947,9160.596,2000,5576.755,8813.43,2000,5987.84,9018.095,2000,5497.581,8714.617,2000,5980.854,9016.749,2000,5806.05,8816.522,2000,5738.166,8799.516,2000,5887.021,8913.653,2000,5905.926
8884.142,2000,5810.721,8963.193,2000,5722.39,9159.437,2000,5578.234,8813.132,2000,5989.695,9018.062,2000,5497.665,8714.676,2000,5982.731,9015.496,2000,5807.449,8815.562,2000,5739.779,8799.598,2000,5888.897,8912.591,2000,5907.475
8882.61,2000,5812.655,8961.552,2000,5724.232,9157.918,2000,5580.178,8812.82,2000,5992.143,9018.018,2000,5497.774,8714.672,2000,5985.199,9013.911,2000,5809.34,8814.23,2000,5741.856,8799.711,2000,5891.362,8911.129,2000,5909.462
8881.848,2000,5813.686,8960.668,2000,5725.161,9157.133,2000,5581.191,8812.7,2000,5993.419,9017.995,2000,5497.832,8714.628,2000,5986.48,9013.12,2000,5810.349,8813.504,2000,5742.913,8799.776,2000,5892.643,8910.336,2000,5910.47
8879.98,2000,5816.391,8958.481,2000,5727.615,9155.126,2000,5583.793,8812.499,2000,5996.7,9017.938,2000,5497.979,8714.407,2000,5989.76,9011.009,2000,5812.868,8811.554,2000,5745.559,8799.95,2000,5895.925,8908.237,2000,5913
8879.205,2000,5817.596,8957.563,2000,5728.716,9154.254,2000,5584.93,8812.458,2000,5998.133,9017.912,2000,5498.044,8714.265,2000,5991.186,9010.053,2000,5813.936,8810.666,2000,5746.684,8800.031,2000,5897.355,8907.334,2000,5914.112
8878.11,2000,5819.426,8956.252,2000,5730.397,9152.96,2000,5586.625,8812.467,2000,6000.266,9017.875,2000,5498.141,8713.982,2000,5993.299,9008.626,2000,5815.521,8809.291,2000,5748.313,8800.157,2000,5899.484,8906.003,2000,5915.779
8877.282,2000,5820.92,8955.158,2000,5731.709,9151.925,2000,5587.983,8812.53,2000,6001.973,9017.845,2000,5498.218,8713.701,2000,5994.984,9007.525,2000,5816.827,8808.147,2000,5749.583,8800.26,2000,5901.189,8904.94,2000,5917.116
8877.061,2000,5821.353,8954.835,2000,5732.072,9151.632,2000,5588.37,8812.564,2000,6002.457,9017.836,2000,5498.24,8713.605,2000,5995.46,9007.225,2000,5817.208,8807.811,2000,5749.932,8800.291,2000,5901.674,8904.644,2000,5917.5
8875.85,2000,5823.92,8952.878,2000,5734.128,9149.924,2000,5590.637,8812.854,2000,6005.281,9017.786,2000,5498.37,8712.956,2000,5998.224,9005.541,2000,5819.494,8805.776,2000,5751.912,8800.481,2000,5904.506,8902.924,2000,5919.758
8875.169,2000,5825.248,8951.886,2000,5735.242,9149.03,2000,5591.832,8812.958,2000,6006.769,9017.76,2000,5498.438,8712.662,2000,5999.687,9004.617,2000,5820.666,8804.742,2000,5752.987,8800.588,2000,5905.995,8902.06,2000,5920.974
8873.922,2000,5827.497,8950.239,2000,5737.217,9147.495,2000,5593.894,8813.053,2000,6009.339,9017.715,2000,5498.556,8712.239,2000,6002.223,9002.96,2000,5822.632,8803.021,2000,5754.897,8800.778,2000,5908.559,8900.639,2000,5923.118
8873.022,2000,5829.002,8949.161,2000,5738.6,9146.449,2000,5595.301,8813.061,2000,6011.092,9017.685,2000,5498.637,8712.008,2000,6003.961,9001.819,2000,5823.964,8801.89,2000,5756.238,8800.91,2000,5910.308,8899.719,2000,5924.61
8872.596,2000,5829.666,8948.696,2000,5739.238,9145.981,2000,5595.937,8813.042,2000,6011.881,9017.671,2000,5498.674,8711.929,2000,6004.747,9001.312,2000,5824.568,8801.401,2000,5756.857,8800.944,2000,5911.096,8899.327,2000,5925.295
8870.725,2000,5832.375,8946.846,2000,5741.961,9144.036,2000,5598.593,8813.017,2000,6015.174,9017.614,2000,5498.827,8711.708,2000,6008.032,8999.205,2000,5827.099,8799.447,2000,5759.507,8800.978,2000,5914.388,8897.786,2000,5928.205
8869.562,2000,5833.947,8945.694,2000,5743.542,9142.883,2000,5600.172,8813.017,2000,6017.13,9017.58,2000,5498.919,8711.641,2000,6009.987,8998.004,2000,5828.642,8798.339,2000,5761.119,8800.934,2000,5916.343,8896.928,2000,5929.962
8868.978,2000,5834.685,8945.116,2000,5744.284,9142.329,2000,5600.931,8813.019,2000,6018.07,9017.563,2000,5498.963,8711.639,2000,6010.927,8997.451,2000,5829.402,8797.831,2000,5761.91,8800.882,2000,5917.282,8896.543,2000,5930.82
8868.798,2000,5834.927,8944.923,2000,5744.516,9142.152,2000,5601.176,8813.026,2000,6018.372,9017.559,2000,5498.977,8711.648,2000,6011.229,8997.281,2000,5829.652,8797.677,2000,5762.169,8800.855,2000,5917.583,8896.429,2000,5931.1
8867.015,2000,5837.51,8942.835,2000,5746.859,9140.315,2000,5603.72,8813.123,2000,6021.509,9017.505,2000,5499.125,8711.849,2000,6014.361,8995.605,2000,5832.306,8796.16,2000,5764.917,8800.478,2000,5920.698,8895.334,2000,5934.041
8866.714,2000,5837.978,8942.479,2000,5747.286,9139.99,2000,5604.17,8813.144,2000,6022.064,9017.495,2000,5499.151,8711.902,2000,6014.914,8995.293,2000,5832.766,8795.907,2000,5765.412,8800.393,2000,5921.248,8895.157,2000,5934.568
8866.341,2000,5838.601,8942.032,2000,5747.859,9139.566,2000,5604.76,8813.177,2000,6022.79,9017.482,2000,5499.186,8711.996,2000,6015.634,8994.866,2000,5833.353,8795.599,2000,5766.069,8800.258,2000,5921.961,8894.949,2000,5935.264
8865.691,2000,5839.772,8941.243,2000,5748.941,9138.787,2000,5605.849,8813.251,2000,6024.127,9017.459,2000,5499.25,8712.212,2000,6016.956,8994.044,2000,5834.41,8795.069,2000,5767.3,8799.967,2000,5923.269,8894.607,2000,5936.559
8865.098,2000,5840.931,8940.512,2000,5750.018,9138.032,2000,5606.909,8813.334,2000,6025.426,9017.437,2000,5499.312,8712.464,2000,6018.233,8993.234,2000,5835.429,8794.595,2000,5768.511,8799.643,2000,5924.529,8894.316,2000,5937.827
8864.557,2000,5842.077,8939.834,2000,5751.089,9137.299,2000,5607.942,8813.428,2000,6026.69,9017.415,2000,5499.373,8712.75,2000,6019.468,8992.45,2000,5836.425,8794.171,2000,5769.706,8799.287,2000,5925.746,8894.074,2000,5939.071
8863.92,2000,5843.551,8939.021,2000,5752.473,9136.371,2000,5609.253,8813.556,2000,6028.292,9017.388,2000,5499.45,8713.163,2000,6021.02,8991.46,2000,5837.689,8793.684,2000,5771.236,8798.786,2000,5927.271,8893.818,2000,5940.657
8863.63,2000,5844.287,8938.643,2000,5753.167,9135.915,2000,5609.899,8813.626,2000,6029.079,9017.374,2000,5499.488,8713.392,2000,6021.777,8990.975,2000,5838.313,8793.469,2000,5771.998,8798.515,2000,5928.014,8893.718,2000,5941.441
8863.129,2000,5845.692,8937.887,2000,5754.454,9135.059,2000,5611.12,8813.775,2000,6030.563,9017.349,2000,5499.56,8713.868,2000,6023.19,8990.099,2000,5839.521,8793.11,2000,5773.445,8797.958,2000,5929.398,8893.577,2000,5942.926
8862.558,2000,5847.475,8936.886,2000,5756.036,9133.984,2000,5612.654,8813.969,2000,6032.426,9017.316,2000,5499.65,8714.524,2000,6024.944,8989.049,2000,5841.071,8792.72,2000,5775.277,8797.202,2000,5931.111,8893.462,2000,5944.795
8862.386,2000,5848.078,8936.533,2000,5756.555,9133.625,2000,5613.168,8814.054,2000,6033.047,9017.306,2000,5499.681,8714.725,2000,6025.538,8988.715,2000,5841.601,8792.609,2000,5775.894,8796.931,2000,5931.676,8893.443,2000,5945.422
8862.163,2000,5848.971,8935.991,2000,5757.299,9133.1,2000,5613.923,8814.209,2000,6033.954,9017.29,2000,5499.726,8714.99,2000,6026.419,8988.25,2000,5842.396,8792.477,2000,5776.805,8796.505,2000,5932.492,8893.447,2000,5946.342
8861.932,2000,5850.048,8935.314,2000,5758.167,9132.471,2000,5614.827,8814.43,2000,6035.033,9017.271,2000,5499.779,8715.273,2000,6027.484,8987.725,2000,5843.364,8792.354,2000,5777.899,8795.964,2000,5933.452,8893.487,2000,5947.443
8861.884,2000,5850.287,8935.171,2000,5758.365,9132.332,2000,5615.028,8814.486,2000,6035.271,9017.268,2000,5499.791,8715.328,2000,6027.722,8987.602,2000,5843.574,8792.334,2000,5778.142,8795.837,2000,5933.66,8893.504,2000,5947.686
8861.529,2000,5852.082,8934.143,2000,5759.877,9131.292,2000,5616.532,8814.97,2000,6037.034,9017.236,2000,5499.88,8715.682,2000,6029.516,8986.626,2000,5845.122,8792.249,2000,5779.969,8794.836,2000,5935.191,8893.69,2000,5949.505
8861.43,2000,5852.599,8933.86,2000,5760.323,9130.993,2000,5616.966,8815.126,2000,6037.538,9017.228,2000,5499.906,8715.767,2000,6030.036,8986.33,2000,5845.558,8792.242,2000,5780.496,8794.533,2000,5935.623,8893.761,2000,5950.028
8861.186,2000,5854.127,8933.076,2000,5761.657,9130.117,2000,5618.242,8815.632,2000,6039,9017.201,2000,5499.982,8715.966,2000,6031.57,8985.421,2000,5846.81,8792.171,2000,5782.041,8793.687,2000,5936.917,8893.918,2000,5951.567
8861.105,2000,5854.759,8932.735,2000,5762.195,9129.758,2000,5618.768,8815.859,2000,6039.595,9017.19,2000,5500.014,8716.027,2000,6032.205,8985.063,2000,5847.337,8792.12,2000,5782.676,8793.355,2000,5937.462,8893.962,2000,5952.203
8860.992,2000,5855.972,8932.051,2000,5763.202,9129.072,2000,5619.773,8816.257,2000,6040.746,9017.17,2000,5500.074,8716.185,2000,6033.412,8984.414,2000,5848.367,8791.984,2000,5783.886,8792.758,2000,5938.522,8894.007,2000,5953.419
8860.926,2000,5857.077,8931.398,2000,5764.098,9128.449,2000,5620.689,8816.584,2000,6041.804,9017.151,2000,5500.129,8716.363,2000,6034.505,8983.854,2000,5849.323,8791.825,2000,5784.982,8792.245,2000,5939.504,8894.011,2000,5954.527
8860.905,2000,5857.83,8930.975,2000,5764.721,9128.027,2000,5621.313,8816.783,2000,6042.531,9017.139,2000,5500.167,8716.509,2000,6035.244,8983.453,2000,5849.96,8791.692,2000,5785.724,8791.919,2000,5940.183,8893.989,2000,5955.28
8860.916,2000,5859.791,8929.926,2000,5766.378,9126.932,2000,5622.94,8817.239,2000,6044.438,9017.105,2000,5500.264,8716.951,2000,6037.155,8982.354,2000,5851.584,8791.284,2000,5787.642,8791.128,2000,5941.978,8893.868,2000,5957.237
8860.893,2000,5860.643,8929.494,2000,5767.113,9126.457,2000,5623.647,8817.41,2000,6045.273,9017.091,2000,5500.307,8717.17,2000,6037.979,8981.86,2000,5852.279,8791.134,2000,5788.48,8790.81,2000,5942.768,8893.788,2000,5958.086
8860.818,2000,5861.869,8928.837,2000,5768.151,9125.775,2000,5624.669,8817.647,2000,6046.478,9017.07,2000,5500.368,8717.524,2000,6039.154,8981.183,2000,5853.304,8790.957,2000,5789.696,8790.389,2000,5943.922,8893.633,2000,5959.304
8860.646,2000,5863.725,8927.789,2000,5769.693,9124.744,2000,5626.223,8818.034,2000,6048.302,9017.039,2000,5500.462,8718.121,2000,6040.92,8980.205,2000,5854.891,8790.749,2000,5791.548,8789.808,2000,5945.693,8893.336,2000,5961.145
8860.475,2000,5865.077,8927.061,2000,5770.845,9123.992,2000,5627.359,8818.331,2000,6049.632,9017.017,2000,5500.531,8718.599,2000,6042.197,8979.453,2000,5856.027,8790.642,2000,5792.907,8789.425,2000,5947.001,8893.075,2000,5962.482
8860.328,2000,5865.997,8926.589,2000,5771.648,9123.479,2000,5628.137,8818.547,2000,6050.539,9017.001,2000,5500.578,8718.954,2000,6043.058,8978.926,2000,5856.796,8790.599,2000,5793.838,8789.192,2000,5947.903,8892.867,2000,5963.391
8860.122,2000,5867.32,8925.873,2000,5772.78,9122.746,2000,5629.258,8818.9,2000,6051.831,9016.979,2000,5500.646,8719.424,2000,6044.313,8978.205,2000,5857.925,8790.58,2000,5795.177,8788.901,2000,5949.21,8892.525,2000,5964.686
8859.832,2000,5869.215,8924.796,2000,5774.365,9121.699,2000,5630.863,8819.466,2000,6053.662,9016.946,2000,5500.745,8720.037,2000,6046.129,8977.227,2000,5859.573,8790.617,2000,5797.094,8788.546,2000,5951.094,8891.976,2000,5966.522
8859.716,2000,5870.187,8924.272,2000,5775.192,9121.167,2000,5631.684,8819.785,2000,6054.587,9016.93,2000,5500.795,8720.319,2000,6047.066,8976.7,2000,5860.398,8790.604,2000,5798.072,8788.396,2000,5952.062,8891.664,2000,5967.45
8859.581,2000,5871.739,8923.483,2000,5776.535,9120.325,2000,5632.994,8820.341,2000,6056.042,9016.904,2000,5500.875,8720.72,2000,6048.571,8975.848,2000,5861.701,8790.531,2000,5799.628,8788.209,2000,5953.608,8891.121,2000,5968.91
8859.446,2000,5874.253,8922.137,2000,5778.663,9118.967,2000,5635.115,8821.316,2000,6058.364,9016.862,2000,5501.005,8721.287,2000,6051.025,8974.538,2000,5863.853,8790.332,2000,5802.139,8787.987,2000,5956.117,8890.166,2000,5971.24
8859.425,2000,5875.289,8921.612,2000,5779.556,9118.409,2000,5635.987,8821.687,2000,6059.332,9016.845,2000,5501.059,8721.554,2000,6052.026,8973.975,2000,5864.722,8790.217,2000,5803.168,8787.93,2000,5957.151,8889.742,2000,5972.185
8859.43,2000,5875.743,8921.37,2000,5779.939,9118.166,2000,5636.371,8821.837,2000,6059.759,9016.837,2000,5501.083,8721.685,2000,6052.46,8973.74,2000,5865.11,8790.151,2000,5803.618,8787.919,2000,5957.604,8889.543,2000,5972.592
8859.37,2000,5878.574,8919.778,2000,5782.281,9116.655,2000,5638.766,8822.809,2000,6062.419,9016.79,2000,5501.231,8722.59,2000,6055.144,8972.359,2000,5867.583,8789.836,2000,5806.432,8787.947,2000,5960.436,8888.3,2000,5975.137
8859.308,2000,5879.744,8919.152,2000,5783.271,9116.033,2000,5639.758,8823.228,2000,6063.513,9016.771,2000,5501.293,8723.001,2000,6056.241,8971.755,2000,5868.586,8789.743,2000,5807.6,8787.997,2000,5961.606,8887.797,2000,5976.194
8859.179,2000,5881.229,8918.396,2000,5784.557,9115.247,2000,5641.026,8823.804,2000,6064.888,9016.746,2000,5501.372,8723.569,2000,6057.62,8970.979,2000,5869.86,8789.674,2000,5809.09,8788.109,2000,5963.094,8887.185,2000,5977.554
8858.833,2000,5884.417,8916.863,2000,5787.373,9113.563,2000,5643.755,8825.077,2000,6067.831,9016.694,2000,5501.542,8724.888,2000,6060.542,8969.323,2000,5872.605,8789.63,2000,5812.296,8788.456,2000,5966.282,8885.892,2000,5980.489
8858.735,2000,5885.707,8916.282,2000,5788.528,9112.885,2000,5644.855,8825.595,2000,6069.016,9016.673,2000,5501.612,8725.458,2000,6061.703,8968.656,2000,5873.713,8789.57,2000,5813.587,8788.554,2000,5967.571,8885.409,2000,5981.688
8858.721,2000,5886.048,8916.118,2000,5788.828,9112.706,2000,5645.147,8825.739,2000,6069.326,9016.667,2000,5501.63,8725.619,2000,6062.005,8968.489,2000,5874.012,8789.543,2000,5813.929,8788.568,2000,5967.913,8885.292,2000,5982.01
8858.696,2000,5888.499,8914.876,2000,5790.941,9111.433,2000,5647.242,8826.797,2000,6071.537,9016.627,2000,5501.762,8726.841,2000,6064.13,8967.366,2000,5876.19,8789.27,2000,5816.364,8788.593,2000,5970.363,8884.528,2000,5984.339
8858.646,2000,5889.667,8914.317,2000,5791.967,9110.828,2000,5648.242,8827.318,2000,6072.583,9016.608,2000,5501.826,8727.456,2000,6065.124,8966.797,2000,5877.211,8789.178,2000,5817.529,8788.566,2000,5971.532,8884.201,2000,5985.461
8858.514,2000,5891.423,8913.525,2000,5793.542,9109.923,2000,5649.753,8828.133,2000,6074.145,9016.58,2000,5501.921,8728.433,2000,6066.59,8965.927,2000,5878.743,8789.096,2000,5819.289,8788.469,2000,5973.291,8883.763,2000,5987.167
8858.281,2000,5893.561,8912.623,2000,5795.493,9108.825,2000,5651.603,8829.189,2000,6076.018,9016.546,2000,5502.039,8729.565,2000,6068.418,8964.881,2000,5880.622,8789.066,2000,5821.439,8788.279,2000,5975.433,8883.297,2000,5989.267
8858.092,2000,5896.072,8911.491,2000,5797.743,9107.547,2000,5653.772,8830.498,2000,6078.169,9016.506,2000,5502.178,8730.821,2000,6070.602,8963.729,2000,5882.861,8788.95,2000,5823.955,8787.976,2000,5977.933,8882.831,2000,5991.742
8858.007,2000,5898.055,8910.542,2000,5799.485,9106.544,2000,5655.484,8831.584,2000,6079.83,9016.475,2000,5502.288,8731.754,2000,6072.353,8962.879,2000,5884.654,8788.794,2000,5825.933,8787.672,2000,5979.894,8882.528,2000,5993.703
8857.993,2000,5899.428,8909.846,2000,5800.67,9105.854,2000,5656.672,8832.298,2000,6081.004,9016.453,2000,5502.364,8732.438,2000,6073.544,8962.331,2000,5885.914,8788.641,2000,5827.298,8787.417,2000,5981.244,8882.363,2000,5995.066
8857.896,2000,5901.695,8908.761,2000,5802.662,9104.72,2000,5658.637,8833.412,2000,6082.98,9016.417,2000,5502.491,8733.633,2000,6075.473,8961.359,2000,5887.964,8788.462,2000,5829.56,8786.924,2000,5983.458,8882.165,2000,5997.326
8857.803,2000,5902.931,8908.203,2000,5803.77,9104.101,2000,5659.711,8833.985,2000,6084.08,9016.397,2000,5502.561,8734.32,2000,6076.505,8960.792,2000,5889.066,8788.404,2000,5830.798,8786.615,2000,5984.659,8882.097,2000,5998.564
8857.748,2000,5903.438,8907.989,2000,5804.233,9103.848,2000,5660.154,8834.227,2000,6084.53,9016.39,2000,5502.59,8734.589,2000,6076.939,8960.559,2000,5889.521,8788.397,2000,5831.309,8786.472,2000,5985.149,8882.085,2000,5999.075
8857.382,2000,5906.02,8906.973,2000,5806.634,9102.563,2000,5662.423,8835.459,2000,6086.828,9016.349,2000,5502.738,8735.889,2000,6079.199,8959.383,2000,5891.848,8788.447,2000,5833.916,8785.658,2000,5987.626,8882.112,2000,6001.682
8857.176,2000,5907.917,8906.286,2000,5808.415,9101.629,2000,5664.087,8836.368,2000,6088.505,9016.319,2000,5502.847,8736.785,2000,6080.884,8958.537,2000,5893.559,8788.421,2000,5835.824,8785.004,2000,5989.419,8882.194,2000,6003.588
8857,2000,5910.246,8905.375,2000,5810.566,9100.488,2000,5666.125,8837.487,2000,6090.555,9016.283,2000,5502.981,8737.814,2000,6082.98,8957.57,2000,5895.685,8788.313,2000,5838.157,8784.132,2000,5991.586,8882.371,2000,6005.917
8856.972,2000,5910.92,8905.092,2000,5811.179,9100.162,2000,5666.716,8837.813,2000,6091.146,9016.272,2000,5503.021,8738.092,2000,6083.596,8957.312,2000,5896.308,8788.259,2000,5838.83,8783.859,2000,5992.204,8882.444,2000,6006.588
8856.938,2000,5914.372,8903.541,2000,5814.263,9098.503,2000,5669.743,8839.38,2000,6094.223,9016.22,2000,5503.221,8739.613,2000,6086.694,8956.092,2000,5899.537,8787.874,2000,5842.26,8782.364,2000,5995.315,8882.931,2000,6010.006
8856.972,2000,5915.872,8902.911,2000,5815.625,9097.782,2000,5671.059,8840.017,2000,6095.581,9016.196,2000,5503.31,8740.318,2000,6088.019,8955.516,2000,5900.922,8787.658,2000,5843.745,8781.759,2000,5996.688,8883.19,2000,6011.483
8856.968,2000,5916.283,8902.751,2000,5816.003,9097.586,2000,5671.42,8840.203,2000,6095.947,9016.19,2000,5503.334,8740.5,2000,6088.388,8955.37,2000,5901.307,8787.612,2000,5844.153,8781.605,2000,5997.069,8883.274,2000,6011.886
8856.879,2000,5918.358,8902.004,2000,5817.941,9096.601,2000,5673.249,8841.206,2000,6097.767,9016.159,2000,5503.457,8741.354,2000,6090.281,8954.7,2000,5903.273,8787.448,2000,5846.224,8780.894,2000,5999.02,8883.768,2000,6013.903
8856.753,2000,5920.023,8901.455,2000,5819.518,9095.813,2000,5674.721,8841.964,2000,6099.254,9016.134,2000,5503.557,8741.99,2000,6091.825,8954.214,2000,5904.87,8787.371,2000,5847.892,8780.373,2000,6000.606,8884.217,2000,6015.511
8856.571,2000,5921.699,8900.953,2000,5821.126,9095.021,2000,5676.209,8842.679,2000,6100.78,9016.108,2000,5503.658,8742.581,2000,6093.403,8953.775,2000,5906.498,8787.349,2000,5849.577,8779.9,2000,6002.224,8884.723,2000,6017.119
8856.331,2000,5923.392,8900.498,2000,5822.775,9094.225,2000,5677.722,8843.354,2000,6102.352,9016.083,2000,5503.761,8743.128,2000,6095.023,8953.385,2000,5908.163,8787.27,2000,5851.286,8779.475,2000,6003.88,8885.289,2000,6018.732
8855.971,2000,5925.45,8900.008,2000,5824.806,9093.257,2000,5679.574,8844.114,2000,6104.297,9016.052,2000,5503.887,8743.73,2000,6097.023,8952.975,2000,5910.211,8787.104,2000,5853.368,8779.021,2000,6005.919,8886.045,2000,6020.679
8855.617,2000,5927.138,8899.658,2000,5826.495,9092.463,2000,5681.105,8844.689,2000,6105.924,9016.026,2000,5503.993,8744.174,2000,6098.69,8952.691,2000,5911.913,8786.912,2000,5855.083,8778.701,2000,6007.615,8886.722,2000,6022.266
8855.193,2000,5928.876,8899.353,2000,5828.257,9091.646,2000,5682.696,8845.23,2000,6107.629,9016,2000,5504.103,8744.577,2000,6100.433,8952.456,2000,5913.686,8786.654,2000,5856.853,8778.428,2000,6009.383,8887.478,2000,6023.888
8854.622,2000,5930.927,8899.059,2000,5830.366,9090.678,2000,5684.593,8845.808,2000,6109.678,9015.969,2000,5504.234,8744.989,2000,6102.522,8952.245,2000,5915.805,8786.279,2000,5858.949,8778.171,2000,6011.497,8888.439,2000,6025.787
8854.157,2000,5932.408,8898.895,2000,5831.909,9089.977,2000,5685.977,8846.18,2000,6111.185,9015.945,2000,5504.331,8745.239,2000,6104.053,8952.142,2000,5917.353,8785.956,2000,5860.466,8778.034,2000,6013.042,8889.186,2000,6027.148
8853.659,2000,5933.863,8898.743,2000,5833.439,9089.287,2000,5687.352,8846.499,2000,6112.689,9015.923,2000,5504.427,8745.438,2000,6105.578,8952.09,2000,5918.89,8785.587,2000,5861.959,8777.949,2000,6014.578,8889.969,2000,6028.472
8852.889,2000,5936.105,8898.521,2000,5835.8,9088.231,2000,5689.475,8846.915,2000,6115.023,9015.888,2000,5504.577,8745.666,2000,6107.938,8952.087,2000,5921.261,8784.942,2000,5864.241,8777.896,2000,6016.948,8891.242,2000,6030.472
8852.385,2000,5937.745,8898.365,2000,5837.508,9087.471,2000,5691.013,8847.161,2000,6116.721,9015.862,2000,5504.686,8745.775,2000,6109.65,8952.028,2000,5922.976,8784.422,2000,5865.875,8777.913,2000,6018.664,8892.21,2000,6031.888
8852.057,2000,5938.951,8898.259,2000,5838.753,9086.921,2000,5692.136,8847.3,2000,6117.963,9015.844,2000,5504.766,8745.814,2000,6110.9,8951.945,2000,5924.223,8784.004,2000,5867.054,8777.967,2000,6019.912,8892.948,2000,6032.896
8851.577,2000,5940.975,8898.094,2000,5840.827,9086.014,2000,5694.008,8847.463,2000,6120.037,9015.813,2000,5504.899,8745.811,2000,6112.98,8951.739,2000,5926.293,8783.245,2000,5868.99,8778.124,2000,6021.986,8894.231,2000,6034.533
8851.144,2000,5943.115,8897.929,2000,5843.004,9085.066,2000,5695.975,8847.563,2000,6122.218,9015.782,2000,5505.041,8745.735,2000,6115.162,8951.452,2000,5928.458,8782.382,2000,5870.996,8778.36,2000,6024.157,8895.634,2000,6036.207
8850.909,2000,5944.503,8897.831,2000,5844.409,9084.461,2000,5697.246,8847.58,2000,6123.626,9015.762,2000,5505.132,8745.641,2000,6116.567,8951.222,2000,5929.846,8781.783,2000,5872.271,8778.559,2000,6025.551,8896.573,2000,6037.255
8850.599,2000,5946.801,8897.683,2000,5846.722,9083.472,2000,5699.343,8847.534,2000,6125.944,9015.729,2000,5505.285,8745.409,2000,6118.874,8950.767,2000,5932.119,8780.729,2000,5874.335,8778.959,2000,6027.834,8898.176,2000,6038.93
8850.404,2000,5948.7,8897.568,2000,5848.628,9082.662,2000,5701.072,8847.559,2000,6127.853,9015.701,2000,5505.411,8745.156,2000,6120.766,8950.331,2000,5933.978,8779.918,2000,5876.063,8779.351,2000,6029.703,8899.449,2000,6040.353
8850.296,2000,5950.261,8897.482,2000,5850.19,9082.004,2000,5702.491,8847.63,2000,6129.416,9015.679,2000,5505.516,8744.898,2000,6122.31,8949.925,2000,5935.489,8779.3,2000,5877.501,8779.722,2000,6031.223,8900.454,2000,6041.552
8850.225,2000,5952.216,8897.386,2000,5852.144,9081.188,2000,5704.269,8847.783,2000,6131.366,9015.651,2000,5505.647,8744.514,2000,6124.228,8949.354,2000,5937.36,8778.586,2000,5879.322,8780.247,2000,6033.107,8901.661,2000,6043.091
8850.218,2000,5954.185,8897.225,2000,5854.106,9080.372,2000,5706.062,8848.001,2000,6133.323,9015.624,2000,5505.78,8744.063,2000,6126.145,8948.843,2000,5939.261,8777.928,2000,5881.178,8780.838,2000,6034.985,8902.825,2000,6044.68
8850.146,2000,5956.164,8896.998,2000,5856.074,9079.56,2000,5707.867,8848.284,2000,6135.283,9015.597,2000,5505.915,8743.548,2000,6128.056,8948.391,2000,5941.189,8777.327,2000,5883.065,8781.493,2000,6036.854,8903.942,2000,6046.314
8850.008,2000,5958.15,8896.705,2000,5858.043,9078.751,2000,5709.687,8848.634,2000,6137.243,9015.569,2000,5506.052,8742.967,2000,6129.96,8948,2000,5943.142,8776.786,2000,5884.981,8782.213,2000,6038.71,8905.012,2000,6047.994
8849.741,2000,5960.757,8896.235,2000,5860.621,9077.692,2000,5712.083,8849.178,2000,6139.806,9015.533,2000,5506.233,8742.12,2000,6132.44,8947.57,2000,5945.726,8776.156,2000,5887.524,8783.24,2000,6041.121,8906.346,2000,6050.249
8849.593,2000,5961.852,8896.002,2000,5861.7,9077.252,2000,5713.097,8849.442,2000,6140.878,9015.519,2000,5506.311,8741.798,2000,6133.497,8947.425,2000,5946.821,8775.926,2000,5888.604,8783.706,2000,6042.122,8906.877,2000,6051.218
8849.098,2000,5964.787,8895.278,2000,5864.587,9076.072,2000,5715.829,8850.249,2000,6143.743,9015.478,2000,5506.52,8741.022,2000,6136.37,8947.13,2000,5949.783,8775.401,2000,5891.534,8785.049,2000,6044.778,8908.222,2000,6053.873
8848.826,2000,5966.125,8894.902,2000,5865.901,9075.536,2000,5717.085,8850.662,2000,6145.045,9015.459,2000,5506.617,8740.71,2000,6137.7,8947.039,2000,5951.146,8775.205,2000,5892.886,8785.705,2000,6045.977,8908.799,2000,6055.111
8848.355,2000,5968.113,8894.277,2000,5867.845,9074.743,2000,5718.967,8851.343,2000,6146.971,9015.432,2000,5506.764,8740.309,2000,6139.703,8946.97,2000,5953.188,8774.978,2000,5894.916,8786.744,2000,6047.735,8909.6,2000,6056.99
8847.706,2000,5970.501,8893.597,2000,5870.225,9073.789,2000,5721.251,8852.244,2000,6149.276,9015.398,2000,5506.942,8739.901,2000,6142.144,8946.967,2000,5955.663,8774.782,2000,5897.383,8788.072,2000,6049.824,8910.496,2000,6059.297
8847.335,2000,5972.067,8893.205,2000,5871.785,9073.178,2000,5722.74,8852.879,2000,6150.754,9015.377,2000,5507.06,8739.688,2000,6143.739,8946.912,2000,5957.271,8774.708,2000,5898.99,8788.891,2000,6051.209,8911.029,2000,6060.815
8846.756,2000,5974.923,8892.589,2000,5874.633,9072.081,2000,5725.439,8854.115,2000,6153.393,9015.339,2000,5507.274,8739.397,2000,6146.638,8946.718,2000,5960.178,8774.668,2000,5901.904,8790.29,2000,6053.765,8911.904,2000,6063.594
8846.41,2000,5976.97,8892.217,2000,5876.675,9071.306,2000,5727.364,8855.057,2000,6155.242,9015.312,2000,5507.429,8739.258,2000,6148.708,8946.512,2000,5962.243,8774.708,2000,5903.979,8791.227,2000,6055.617,8912.463,2000,6065.593
8846.207,2000,5978.471,8891.994,2000,5878.173,9070.748,2000,5728.773,8855.788,2000,6156.569,9015.292,2000,5507.543,8739.206,2000,6150.222,8946.313,2000,5963.745,8774.786,2000,5905.492,8791.865,2000,6056.99,8912.822,2000,6067.065
8845.892,2000,5981.563,8891.638,2000,5881.262,9069.611,2000,5731.667,8857.377,2000,6159.241,9015.252,2000,5507.778,8739.201,2000,6153.331,8945.803,2000,5966.812,8775.049,2000,5908.59,8793.084,2000,6059.851,8913.461,2000,6070.108
8845.809,2000,5982.762,8891.539,2000,5882.458,9069.176,2000,5732.786,8858.024,2000,6160.253,9015.236,2000,5507.871,8739.238,2000,6154.532,8945.567,2000,5967.989,8775.189,2000,5909.783,8793.519,2000,6060.97,8913.669,2000,6071.291
8845.745,2000,5984.5,8891.453,2000,5884.195,9068.551,2000,5734.409,8859.009,2000,6161.687,9015.214,2000,5508.005,8739.349,2000,6156.267,8945.221,2000,5969.693,8775.449,2000,5911.502,8794.094,2000,6062.611,8913.914,2000,6073.013
8845.739,2000,5986.19,8891.425,2000,5885.886,9067.954,2000,5735.991,8860.011,2000,6163.048,9015.192,2000,5508.137,8739.512,2000,6157.95,8944.908,2000,5971.355,8775.757,2000,5913.165,8794.601,2000,6064.224,8914.098,2000,6074.693
8845.835,2000,5989.463,8891.478,2000,5889.159,9066.817,2000,5739.061,8862.037,2000,6165.62,9015.151,2000,5508.394,8739.934,2000,6161.197,8944.35,2000,5974.581,8776.457,2000,5916.363,8795.479,2000,6067.378,8914.346,2000,6077.958
8845.824,2000,5992.523,8891.627,2000,5892.216,9065.757,2000,5741.932,8864.009,2000,6167.96,9015.113,2000,5508.637,8740.427,2000,6164.217,8943.927,2000,5977.612,8777.209,2000,5919.33,8796.204,2000,6070.351,8914.478,2000,6081.015
8845.812,2000,5992.881,8891.656,2000,5892.573,9065.633,2000,5742.268,8864.248,2000,6168.227,9015.108,2000,5508.666,8740.496,2000,6164.568,8943.889,2000,5977.968,8777.309,2000,5919.674,8796.277,2000,6070.702,8914.481,2000,6081.373
8845.78,2000,5993.337,8891.699,2000,5893.029,9065.478,2000,5742.698,8864.565,2000,6168.557,9015.103,2000,5508.703,8740.6,2000,6165.014,8943.855,2000,5978.424,8777.45,2000,5920.109,8796.356,2000,6071.153,8914.493,2000,6081.83
8845.482,2000,5996.257,8891.979,2000,5895.951,9064.482,2000,5745.459,8866.667,2000,6170.605,9015.066,2000,5508.941,8741.354,2000,6167.851,8943.736,2000,5981.357,8778.446,2000,5922.87,8796.769,2000,6074.059,8914.586,2000,6084.764
8845.447,2000,5996.767,8892.012,2000,5896.46,9064.312,2000,5745.941,8867.021,2000,6170.974,9015.061,2000,5508.983,8741.502,2000,6168.34,8943.732,2000,5981.868,8778.604,2000,5923.356,8796.824,2000,6074.567,8914.619,2000,6085.273
8845.347,2000,5999.521,8892.095,2000,5899.215,9063.395,2000,5748.541,8868.865,2000,6173.023,9015.027,2000,5509.211,8742.384,2000,6170.951,8943.802,2000,5984.623,8779.368,2000,5926.004,8797.032,2000,6077.315,8914.886,2000,6088.017
8845.345,2000,5999.977,8892.094,2000,5899.67,9063.245,2000,5748.971,8869.158,2000,6173.371,9015.021,2000,5509.249,8742.543,2000,6171.377,8943.828,2000,5985.078,8779.48,2000,5926.446,8797.052,2000,6077.77,8914.944,2000,6088.468
8845.414,2000,6002.372,8892.009,2000,5902.065,9062.466,2000,5751.237,8870.642,2000,6175.253,9014.993,2000,5509.45,8743.456,2000,6173.593,8944.045,2000,5987.464,8779.993,2000,5928.787,8797.076,2000,6080.167,8915.332,2000,6090.833
8845.506,2000,6003.851,8892.005,2000,5903.547,9061.987,2000,5752.639,8871.521,2000,6176.447,9014.976,2000,5509.576,8744.065,2000,6174.944,8944.227,2000,5988.935,8780.263,2000,5930.244,8797.043,2000,6081.648,8915.619,2000,6092.287
8845.612,2000,6004.971,8892.039,2000,5904.672,9061.627,2000,5753.705,8872.157,2000,6177.374,9014.962,2000,5509.672,8744.562,2000,6175.954,8944.401,2000,5990.046,8780.431,2000,5931.356,8796.98,2000,6082.771,8915.873,2000,6093.383
8845.792,2000,6006.373,8892.128,2000,5906.082,9061.179,2000,5755.045,8872.919,2000,6178.564,9014.945,2000,5509.794,8745.226,2000,6177.201,8944.666,2000,5991.435,8780.596,2000,5932.76,8796.856,2000,6084.179,8916.237,2000,6094.748
8846.059,2000,6008.025,8892.287,2000,5907.748,9060.649,2000,5756.633,8873.774,2000,6180.003,9014.926,2000,5509.939,8746.06,2000,6178.652,8945.033,2000,5993.067,8780.737,2000,5934.427,8796.654,2000,6085.841,8916.721,2000,6096.35
8846.152,2000,6008.504,8892.35,2000,5908.231,9060.497,2000,5757.096,8874.01,2000,6180.43,9014.92,2000,5509.981,8746.316,2000,6179.066,8945.125,2000,5993.546,8780.763,2000,5934.914,8796.58,2000,6086.322,8916.877,2000,6096.812
8846.595,2000,6010.434,8892.628,2000,5910.191,9059.882,2000,5758.978,8874.908,2000,6182.194,9014.896,2000,5510.155,8747.413,2000,6180.714,8945.433,2000,5995.502,8780.801,2000,5936.894,8796.214,2000,6088.268,8917.572,2000,6098.666
8846.782,2000,6011.144,8892.734,2000,5910.918,9059.656,2000,5759.677,8875.22,2000,6182.859,9014.888,2000,5510.22,8747.84,2000,6181.312,8945.57,2000,5996.223,8780.791,2000,5937.627,8796.055,2000,6088.984,8917.853,2000,6099.344
8847.304,2000,6012.885,8893.003,2000,5912.715,9059.102,2000,5761.407,8875.937,2000,6184.529,9014.867,2000,5510.382,8748.943,2000,6182.756,8945.97,2000,5997.996,8780.707,2000,5939.443,8795.602,2000,6090.745,8918.601,2000,6101
8847.549,2000,6013.615,8893.119,2000,5913.477,9058.868,2000,5762.142,8876.217,2000,6185.247,9014.858,2000,5510.452,8749.432,2000,6183.353,8946.163,2000,5998.742,8780.646,2000,5940.211,8795.386,2000,6091.484,8918.94,2000,6101.692
8847.937,2000,6014.658,8893.291,2000,5914.576,9058.534,2000,5763.203,8876.588,2000,6186.295,9014.846,2000,5510.552,8750.164,2000,6184.19,8946.478,2000,5999.809,8780.522,2000,5941.316,8795.039,2000,6092.542,8919.464,2000,6102.674
8848.428,2000,6015.855,8893.495,2000,5915.854,9058.147,2000,5764.438,8876.979,2000,6187.529,9014.831,2000,5510.67,8751.047,2000,6185.136,8946.884,2000,6001.038,8780.336,2000,5942.597,8794.596,2000,6093.757,8920.109,2000,6103.796
8848.787,2000,6016.82,8893.66,2000,5916.871,9057.842,2000,5765.421,8877.259,2000,6188.52,9014.819,2000,5510.764,8751.773,2000,6185.865,8947.239,2000,6002.004,8780.221,2000,5943.62,8794.211,2000,6094.712,8920.652,2000,6104.671
8849.11,2000,6017.784,8893.826,2000,5917.874,9057.543,2000,5766.393,8877.502,2000,6189.507,9014.808,2000,5510.858,8752.515,2000,6186.562,8947.621,2000,6002.946,8780.141,2000,5944.633,8793.801,2000,6095.643,8921.216,2000,6105.517
8849.443,2000,6018.896,8894.019,2000,5919.018,9057.204,2000,5767.502,8877.743,2000,6190.642,9014.795,2000,5510.965,8753.334,2000,6187.383,8948.092,2000,6004.007,8780.087,2000,5945.792,8793.298,2000,6096.688,8921.891,2000,6106.46
8849.651,2000,6019.683,8894.155,2000,5919.82,9056.967,2000,5768.281,8877.886,2000,6191.443,9014.786,2000,5511.041,8753.89,2000,6187.979,8948.446,2000,6004.74,8780.076,2000,5946.606,8792.921,2000,6097.41,8922.386,2000,6107.107
8849.803,2000,6020.344,8894.271,2000,5920.489,9056.771,2000,5768.931,8877.983,2000,6192.115,9014.778,2000,5511.104,8754.336,2000,6188.49,8948.762,2000,6005.341,8780.089,2000,5947.285,8792.587,2000,6098.001,8922.815,2000,6107.632
8850.082,2000,6021.402,8894.461,2000,5921.566,9056.457,2000,5769.979,8878.104,2000,6193.202,9014.767,2000,5511.208,8755.028,2000,6189.336,8949.238,2000,6006.326,8780.146,2000,5948.377,8792.019,2000,6098.936,8923.535,2000,6108.456
8850.344,2000,6022.276,8894.622,2000,5922.465,9056.197,2000,5770.854,8878.176,2000,6194.112,9014.757,2000,5511.294,8755.583,2000,6190.062,8949.608,2000,6007.16,8780.223,2000,5949.287,8791.519,2000,6099.7,8924.158,2000,6109.123
8850.658,2000,6023.215,8894.8,2000,5923.439,9055.918,2000,5771.804,8878.221,2000,6195.101,9014.746,2000,5511.388,8756.158,2000,6190.867,8949.98,2000,6008.078,8780.339,2000,5950.27,8790.95,2000,6100.51,8924.857,2000,6109.824
8851.082,2000,6024.354,8895.021,2000,5924.634,9055.577,2000,5772.971,8878.236,2000,6196.316,9014.732,2000,5511.504,8756.832,2000,6191.879,8950.399,2000,6009.218,8780.521,2000,5951.472,8790.22,2000,6101.482,8925.743,2000,6110.656
8851.485,2000,6025.338,8895.219,2000,5925.679,9055.281,2000,5773.992,8878.215,2000,6197.379,9014.721,2000,5511.607,8757.393,2000,6192.783,8950.733,2000,6010.228,8780.714,2000,5952.518,8789.554,2000,6102.311,8926.542,2000,6111.358
8851.902,2000,6026.267,8895.41,2000,5926.679,9055,2000,5774.97,8878.161,2000,6198.396,9014.71,2000,5511.706,8757.9,2000,6193.666,8951.021,2000,6011.204,8780.932,2000,5953.512,8788.891,2000,6103.083,8927.328,2000,6112.004
8852.24,2000,6026.958,8895.558,2000,5927.435,9054.79,2000,5775.71,8878.096,2000,6199.163,9014.702,2000,5511.781,8758.262,2000,6194.345,8951.215,2000,6011.949,8781.121,2000,5954.258,8788.37,2000,6103.65,8927.938,2000,6112.474
8852.924,2000,6028.248,8895.84,2000,5928.866,9054.393,2000,5777.114,8877.924,2000,6200.611,9014.687,2000,5511.924,8758.905,2000,6195.654,8951.535,2000,6013.372,8781.525,2000,5955.66,8787.349,2000,6104.692,8929.123,2000,6113.325
8853.121,2000,6028.65,8895.929,2000,5929.306,9054.272,2000,5777.546,8877.886,2000,6201.058,9014.682,2000,5511.968,8759.09,2000,6196.063,8951.647,2000,6013.806,8781.664,2000,5956.086,8787.024,2000,6105.001,8929.479,2000,6113.599
8853.912,2000,6030.414,8896.319,2000,5931.199,9053.758,2000,5779.409,8877.784,2000,6202.988,9014.661,2000,5512.16,8759.826,2000,6197.85,8952.194,2000,6015.66,8782.32,2000,5957.904,8785.584,2000,6106.291,8930.971,2000,6114.827
8854.301,2000,6031.363,8896.53,2000,5932.202,9053.487,2000,5780.398,8877.764,2000,6204.014,9014.65,2000,5512.263,8760.186,2000,6198.811,8952.517,2000,6016.634,8782.7,2000,5958.857,8784.798,2000,6106.949,8931.741,2000,6115.504
8854.756,2000,6032.584,8896.804,2000,5933.477,9053.147,2000,5781.657,8877.78,2000,6205.317,9014.637,2000,5512.395,8760.603,2000,6200.045,8952.966,2000,6017.857,8783.222,2000,5960.051,8783.771,2000,6107.753,8932.691,2000,6116.396
8855.187,2000,6033.868,8897.098,2000,5934.799,9052.802,2000,5782.966,8877.842,2000,6206.67,9014.623,2000,5512.533,8760.993,2000,6201.342,8953.475,2000,6019.112,8783.805,2000,5961.274,8782.679,2000,6108.553,8933.648,2000,6117.355
8855.873,2000,6036.16,8897.625,2000,5937.133,9052.196,2000,5785.281,8878.029,2000,6209.055,9014.6,2000,5512.779,8761.608,2000,6203.655,8954.445,2000,6021.299,8784.904,2000,5963.399,8780.703,2000,6109.902,8935.282,2000,6119.104
8856.145,2000,6037.188,8897.861,2000,5938.169,9051.929,2000,5786.31,8878.147,2000,6210.112,9014.589,2000,5512.89,8761.848,2000,6204.69,8954.908,2000,6022.256,8785.423,2000,5964.327,8779.806,2000,6110.472,8935.982,2000,6119.904
8856.302,2000,6037.875,8898.022,2000,5938.856,9051.755,2000,5786.994,8878.248,2000,6210.81,9014.582,2000,5512.964,8761.984,2000,6205.382,8955.236,2000,6022.881,8785.787,2000,5964.931,8779.198,2000,6110.831,8936.43,2000,6120.45
8856.827,2000,6039.865,8898.499,2000,5940.857,9051.251,2000,5788.988,8878.609,2000,6212.835,9014.563,2000,5513.182,8762.316,2000,6207.413,8956.251,2000,6024.67,8786.906,2000,5966.657,8777.394,2000,6111.819,8937.68,2000,6122.083
8857.112,2000,6040.816,8898.733,2000,5941.823,9051.011,2000,5789.952,8878.815,2000,6213.807,9014.553,2000,5513.288,8762.444,2000,6208.397,8956.769,2000,6025.518,8787.474,2000,5967.472,8776.507,2000,6112.267,8938.257,2000,6122.892
8857.571,2000,6042.186,8899.085,2000,5943.224,9050.67,2000,5791.356,8879.161,2000,6215.209,9014.539,2000,5513.444,8762.583,2000,6209.835,8957.562,2000,6026.725,8788.337,2000,5968.63,8775.197,2000,6112.876,8939.058,2000,6124.094
8858.447,2000,6044.54,8899.699,2000,5945.658,9050.079,2000,5793.796,8879.842,2000,6217.626,9014.516,2000,5513.717,8762.743,2000,6212.341,8959.009,2000,6028.777,8789.903,2000,5970.592,8772.887,2000,6113.861,8940.381,2000,6126.228
8858.596,2000,6044.902,8899.798,2000,5946.038,9049.989,2000,5794.178,8879.96,2000,6218,9014.512,2000,5513.76,8762.755,2000,6212.732,8959.245,2000,6029.09,8790.152,2000,5970.895,8772.521,2000,6114.002,8940.576,2000,6126.567
8859.534,2000,6046.992,8900.382,2000,5948.253,9049.468,2000,5796.409,8880.725,2000,6220.16,9014.491,2000,5514.014,8762.751,2000,6215.024,8960.685,2000,6030.873,8791.614,2000,5972.659,8770.359,2000,6114.761,8941.653,2000,6128.589
8860.01,2000,6047.966,8900.665,2000,5949.3,9049.226,2000,5797.466,8881.119,2000,6221.17,9014.481,2000,5514.136,8762.784,2000,6216.107,8961.393,2000,6031.693,8792.309,2000,5973.492,8769.349,2000,6115.153,8942.132,2000,6129.563
8860.944,2000,6049.731,8901.201,2000,5951.224,9048.791,2000,5799.415,8881.907,2000,6223.005,9014.464,2000,5514.363,8762.911,2000,6218.1,8962.746,2000,6033.162,8793.594,2000,5975.02,8767.512,2000,6115.936,8942.954,2000,6131.382
8862.169,2000,6051.871,8901.872,2000,5953.596,9048.262,2000,5801.823,8882.953,2000,6225.237,9014.443,2000,5514.646,8763.148,2000,6220.554,8964.357,2000,6035.028,8795.185,2000,5976.903,8765.276,2000,6116.976,8944.018,2000,6133.607
8862.834,2000,6052.95,8902.224,2000,5954.814,9047.994,2000,5803.063,8883.528,2000,6226.367,9014.433,2000,5514.795,8763.312,2000,6221.812,8965.154,2000,6036.014,8796.005,2000,5977.87,8764.146,2000,6117.548,8944.587,2000,6134.739
8863.735,2000,6054.309,8902.681,2000,5956.38,9047.653,2000,5804.658,8884.315,2000,6227.795,9014.419,2000,5514.988,8763.574,2000,6223.421,8966.137,2000,6037.316,8797.063,2000,5979.111,8762.715,2000,6118.331,8945.338,2000,6136.187
8864.323,2000,6055.136,8902.975,2000,5957.351,9047.449,2000,5805.651,8884.834,2000,6228.667,9014.411,2000,5515.109,8763.771,2000,6224.416,8966.721,2000,6038.145,8797.725,2000,5979.879,8761.842,2000,6118.847,8945.834,2000,6137.071
8866.234,2000,6057.645,8903.896,2000,5960.367,9046.82,2000,5808.742,8886.534,2000,6231.325,9014.387,2000,5515.49,8764.481,2000,6227.489,8968.453,2000,6040.781,8799.787,2000,5982.266,8759.18,2000,6120.54,8947.422,2000,6139.797
8866.793,2000,6058.331,8904.158,2000,5961.212,9046.646,2000,5809.61,8887.035,2000,6232.054,9014.38,2000,5515.599,8764.709,2000,6228.344,8968.914,2000,6041.536,8800.367,2000,5982.934,8758.449,2000,6121.039,8947.879,2000,6140.555
8867.619,2000,6059.283,8904.538,2000,5962.414,9046.404,2000,5810.847,8887.782,2000,6233.069,9014.37,2000,5515.756,8765.073,2000,6229.551,8969.536,2000,6042.632,8801.196,2000,5983.883,8757.433,2000,6121.783,8948.553,2000,6141.62
8868.805,2000,6060.634,8905.09,2000,5964.125,9046.066,2000,5812.612,8888.895,2000,6234.481,9014.356,2000,5515.981,8765.648,2000,6231.253,8970.371,2000,6044.224,8802.383,2000,5985.233,8756.018,2000,6122.892,8949.545,2000,6143.118
8870.007,2000,6061.99,8905.656,2000,5965.847,9045.733,2000,5814.394,8890.063,2000,6235.867,9014.344,2000,5516.212,8766.284,2000,6232.951,8971.16,2000,6045.855,8803.583,2000,5986.591,8754.628,2000,6124.056,8950.577,2000,6144.608
8871.23,2000,6063.354,8906.24,2000,5967.583,9045.406,2000,5816.196,8891.288,2000,6237.229,9014.331,2000,5516.448,8766.982,2000,6234.645,8971.903,2000,6047.53,8804.802,2000,5987.959,8753.263,2000,6125.277,8951.657,2000,6146.088
8872.73,2000,6065.01,8906.965,2000,5969.696,9045.018,2000,5818.396,8892.836,2000,6238.84,9014.316,2000,5516.741,8767.9,2000,6236.681,8972.742,2000,6049.601,8806.293,2000,5989.623,8751.647,2000,6126.821,8953.01,2000,6147.866
8873.975,2000,6066.369,8907.573,2000,5971.436,9044.705,2000,5820.212,8894.155,2000,6240.126,9014.305,2000,5516.986,8768.713,2000,6238.335,8973.378,2000,6051.33,8807.527,2000,5990.991,8750.357,2000,6128.137,8954.155,2000,6149.31
8875.27,2000,6067.77,8908.213,2000,5973.232,9044.391,2000,5822.093,8895.563,2000,6241.412,9014.293,2000,5517.245,8769.609,2000,6240.019,8974.094,2000,6053.098,8808.809,2000,5992.403,8749.068,2000,6129.542,8955.291,2000,6150.841
8876.494,2000,6069.184,8908.852,2000,5974.99,9044.091,2000,5823.939,8896.985,2000,6242.627,9014.282,2000,5517.502,8770.542,2000,6241.64,8974.853,2000,6054.808,8810.07,2000,5993.785,8747.849,2000,6130.96,8956.355,2000,6152.38
8877.713,2000,6070.689,8909.571,2000,5976.789,9043.794,2000,5825.854,8898.498,2000,6243.836,9014.271,2000,5517.772,8771.563,2000,6243.287,8975.696,2000,6056.552,8811.384,2000,5995.208,8746.635,2000,6132.47,8957.405,2000,6154.008
8879.581,2000,6073.158,8910.815,2000,5979.623,9043.338,2000,5828.916,8900.978,2000,6245.689,9014.256,2000,5518.212,8773.277,2000,6245.864,8977.135,2000,6059.293,8813.407,2000,5997.55,8744.775,2000,6134.945,8958.996,2000,6156.664
8880.953,2000,6075.1,8911.842,2000,5981.768,9042.994,2000,5831.269,8902.928,2000,6247.05,9014.244,2000,5518.56,8774.659,2000,6247.799,8978.308,2000,6061.361,8814.902,2000,5999.399,8743.41,2000,6136.892,8960.15,2000,6158.742
8881.6,2000,6076.081,8912.384,2000,5982.811,9042.827,2000,5832.432,8903.913,2000,6247.69,9014.238,2000,5518.735,8775.373,2000,6248.732,8978.921,2000,6062.364,8815.611,2000,6000.337,8742.767,2000,6137.875,8960.688,2000,6159.788
8882.101,2000,6076.898,8912.854,2000,5983.646,9042.695,2000,5833.381,8904.733,2000,6248.186,9014.233,2000,5518.879,8775.979,2000,6249.474,8979.447,2000,6063.165,8816.164,2000,6001.12,8742.269,2000,6138.694,8961.097,2000,6160.654
8882.965,2000,6078.417,8913.759,2000,5985.142,9042.466,2000,5835.114,8906.258,2000,6249.041,9014.226,2000,5519.145,8777.13,2000,6250.79,8980.454,2000,6064.594,8817.124,2000,6002.58,8741.41,2000,6140.217,8961.792,2000,6162.258
8884.151,2000,6080.673,8915.15,2000,5987.278,9042.14,2000,5837.643,8908.521,2000,6250.213,9014.215,2000,5519.539,8778.869,2000,6252.654,8981.99,2000,6066.628,8818.454,2000,6004.755,8740.231,2000,6142.477,8962.729,2000,6164.629
8884.777,2000,6081.965,8915.973,2000,5988.455,9041.965,2000,5839.067,8909.817,2000,6250.832,9014.21,2000,5519.766,8779.883,2000,6253.67,8982.893,2000,6067.745,8819.163,2000,6006.003,8739.609,2000,6143.771,8963.212,2000,6165.98
8885.779,2000,6084.215,8917.449,2000,5990.426,9041.679,2000,5841.514,8912.073,2000,6251.819,9014.202,2000,5520.161,8781.678,2000,6255.357,8984.502,2000,6069.609,8820.309,2000,6008.184,8738.615,2000,6146.024,8964.116,2000,6168.271
8886.619,2000,6086.282,8918.844,2000,5992.167,9041.425,2000,5843.73,8914.087,2000,6252.78,9014.195,2000,5520.528,8783.353,2000,6256.831,8986.015,2000,6071.249,8821.28,2000,6010.192,8737.782,2000,6148.094,8965.003,2000,6170.318
8886.955,2000,6087.192,8919.475,2000,5992.904,9041.316,2000,5844.695,8914.948,2000,6253.227,9014.192,2000,5520.691,8784.102,2000,6257.448,8986.648,2000,6071.983,8821.674,2000,6011.079,8737.449,2000,6149.006,8965.418,2000,6171.196
8887.175,2000,6087.854,8919.945,2000,5993.418,9041.241,2000,5845.388,8915.556,2000,6253.567,9014.19,2000,5520.809,8784.653,2000,6257.873,8987.086,2000,6072.525,8821.936,2000,6011.724,8737.231,2000,6149.668,8965.736,2000,6171.815
8887.621,2000,6089.36,8921.043,2000,5994.542,9041.077,2000,5846.95,8916.9,2000,6254.38,9014.187,2000,5521.078,8785.929,2000,6258.79,8988.032,2000,6073.779,8822.479,2000,6013.198,8736.791,2000,6151.176,8966.499,2000,6173.188
8888.094,2000,6090.783,8922.055,2000,5995.649,9040.928,2000,5848.442,8918.158,2000,6255.197,9014.184,2000,5521.338,8787.174,2000,6259.625,8988.896,2000,6075.004,8823.042,2000,6014.588,8736.417,2000,6152.628,8967.27,2000,6174.475
8888.699,2000,6092.425,8923.193,2000,5996.978,9040.759,2000,5850.184,8919.594,2000,6256.198,9014.181,2000,5521.646,8788.658,2000,6260.552,8989.857,2000,6076.467,8823.753,2000,6016.187,8736.037,2000,6154.336,8968.218,2000,6175.946
8889.223,2000,6093.712,8924.063,2000,5998.063,9040.632,2000,5851.568,8920.707,2000,6257.03,9014.179,2000,5521.896,8789.86,2000,6261.249,8990.582,2000,6077.652,8824.358,2000,6017.438,8735.779,2000,6155.702,8969.009,2000,6177.089
8890.001,2000,6095.46,8925.209,2000,5999.594,9040.466,2000,5853.474,8922.201,2000,6258.224,9014.177,2000,5522.245,8791.546,2000,6262.154,8991.525,2000,6079.316,8825.248,2000,6019.131,8735.486,2000,6157.592,8970.148,2000,6178.625
8890.758,2000,6097.021,8926.203,2000,6001.016,9040.318,2000,5855.203,8923.521,2000,6259.352,9014.176,2000,5522.568,8793.101,2000,6262.924,8992.332,2000,6080.853,8826.104,2000,6020.641,8735.277,2000,6159.315,8971.228,2000,6179.985
8891.108,2000,6097.688,8926.614,2000,6001.647,9040.256,2000,5855.954,8924.077,2000,6259.859,9014.176,2000,5522.711,8793.786,2000,6263.236,8992.66,2000,6081.531,8826.498,2000,6021.283,8735.211,2000,6160.065,8971.715,2000,6180.56
8891.62,2000,6098.589,8927.151,2000,6002.534,9040.173,2000,5856.986,8924.819,2000,6260.583,9014.176,2000,5522.909,8794.742,2000,6263.634,8993.08,2000,6082.478,8827.067,2000,6022.149,8735.153,2000,6161.1,8972.41,2000,6181.327
8892.075,2000,6099.332,8927.578,2000,6003.293,9040.106,2000,5857.855,8925.423,2000,6261.211,9014.176,2000,5523.078,8795.558,2000,6263.942,8993.407,2000,6083.286,8827.57,2000,6022.861,8735.134,2000,6161.971,8973.017,2000,6181.954
8892.921,2000,6100.615,8928.286,2000,6004.657,9039.994,2000,5859.388,8926.45,2000,6262.353,9014.177,2000,5523.378,8797.012,2000,6264.439,8993.938,2000,6084.728,8828.497,2000,6024.086,8735.149,2000,6163.507,8974.12,2000,6183.022
8893.628,2000,6101.615,8928.814,2000,6005.762,9039.905,2000,5860.609,8927.239,2000,6263.29,9014.177,2000,5523.622,8798.183,2000,6264.796,8994.322,2000,6085.891,8829.267,2000,6025.039,8735.202,2000,6164.731,8975.027,2000,6183.845
8893.76,2000,6101.789,8928.906,2000,6005.96,9039.891,2000,5860.827,8927.374,2000,6263.461,9014.177,2000,5523.666,8798.394,2000,6264.853,8994.397,2000,6086.096,8829.409,2000,6025.204,8735.219,2000,6164.949,8975.193,2000,6183.986
8894.735,2000,6102.995,8929.563,2000,6007.365,9039.79,2000,5862.375,8928.294,2000,6264.71,9014.179,2000,5523.98,8799.903,2000,6265.208,8994.979,2000,6087.533,8830.461,2000,6026.343,8735.387,2000,6166.491,8976.408,2000,6184.951
8895.662,2000,6104.066,8930.167,2000,6008.647,9039.702,2000,5863.789,8929.096,2000,6265.878,9014.181,2000,5524.272,8801.293,2000,6265.487,8995.555,2000,6088.828,8831.455,2000,6027.353,8735.586,2000,6167.894,8977.546,2000,6185.795
8896.456,2000,6104.925,8930.669,2000,6009.704,9039.633,2000,5864.958,8929.727,2000,6266.864,9014.183,2000,5524.518,8802.447,2000,6265.679,8996.064,2000,6089.882,8832.304,2000,6028.159,8735.788,2000,6169.046,8978.508,2000,6186.461
8897.121,2000,6105.599,8931.076,2000,6010.559,9039.577,2000,5865.903,8930.21,2000,6267.678,9014.185,2000,5524.719,8803.386,2000,6265.804,8996.504,2000,6090.72,8833.007,2000,6028.793,8735.982,2000,6169.973,8979.304,2000,6186.974
